(0, 0.0, 0.0, 0.0)
(62505, 16.448, 571.2, 9395.097600000001)
(62586, 4.288, 538.8, 2310.3744)
(62668, 4.324, 507.6, 2194.8624)
(62749, 4.228, 437.6, 1850.1728)
(62830, 4.308, 422.4, 1819.6991999999998)
(62912, 4.264, 436.0, 1859.104)
(62993, 4.256, 445.2, 1894.7712000000001)
(63074, 4.288, 421.2, 1806.1056)
(63156, 4.3, 439.6, 1890.28)
(63237, 4.224, 540.0, 2280.96)
(63318, 4.312, 524.8, 2262.9375999999997)
(63399, 4.284, 451.2, 1932.9407999999999)
(63481, 4.256, 475.6, 2024.1536)
(63562, 4.26, 480.8, 2048.208)
(63643, 4.256, 494.8, 2105.8688)
(63725, 4.308, 476.4, 2052.3311999999996)
(63806, 4.204, 482.4, 2028.0095999999999)
(63887, 4.272, 482.8, 2062.5216)
(63969, 4.276, 463.2, 1980.6431999999998)
(64050, 4.28, 566.4, 2424.192)
(64131, 4.192, 508.0, 2129.536)
(64213, 4.328, 478.8, 2072.2464)
(64294, 4.216, 478.0, 2015.248)
(64375, 4.3, 476.8, 2050.24)
(64457, 4.324, 560.4, 2423.1695999999997)
(64538, 4.268, 727.2, 3103.6896)
(64619, 4.192, 715.6, 2999.7952)
(64700, 4.284, 635.6, 2722.9103999999998)
(64782, 4.26, 626.0, 2666.7599999999998)
(64863, 4.208, 577.6, 2430.5408)
(64944, 4.312, 498.4, 2149.1008)
(65026, 4.272, 473.6, 2023.2192000000002)
(65107, 4.324, 492.4, 2129.1376)
(65188, 4.232, 464.0, 1963.6480000000001)
(65270, 4.3, 406.8, 1749.24)
(65351, 4.256, 409.6, 1743.2576000000001)
(65432, 4.28, 398.8, 1706.8640000000003)
(65514, 4.292, 390.4, 1675.5967999999998)
(59, 4.304, 398.0, 1712.9920000000002)
(140, 4.248, 408.0, 1733.1840000000002)
(222, 4.324, 496.4, 2146.4336)
(303, 4.308, 515.2, 2219.4816)
(384, 4.244, 478.0, 2028.6319999999998)
(465, 4.256, 502.4, 2138.2144)
(547, 4.264, 523.6, 2232.6304)
(628, 4.28, 500.4, 2141.712)
(709, 4.228, 507.6, 2146.1328)
(791, 4.292, 489.6, 2101.3632000000002)
(872, 4.268, 509.6, 2174.9728)
(953, 4.328, 543.2, 2350.9696000000004)
(1035, 4.24, 462.8, 1962.2720000000002)
(1116, 4.316, 476.0, 2054.4159999999997)
(1197, 4.196, 462.0, 1938.552)
(1279, 4.288, 451.2, 1934.7456)
(1360, 4.316, 448.8, 1937.0208)
(1441, 4.268, 458.4, 1956.4511999999997)
(1523, 4.256, 483.6, 2058.2016000000003)
(1604, 4.32, 498.0, 2151.36)
(1685, 4.288, 514.4, 2205.7472000000002)
(1766, 4.22, 469.2, 1980.024)
(1848, 4.34, 418.0, 1814.12)
(1929, 4.264, 433.2, 1847.1648)
(2010, 4.332, 459.6, 1990.9872)
(2092, 4.24, 451.6, 1914.784)
(2173, 4.292, 448.0, 1922.8159999999998)
(2254, 4.236, 451.2, 1911.2831999999999)
(2336, 4.288, 588.0, 2521.344)
(2417, 4.208, 678.8, 2856.3903999999998)
(2498, 4.244, 698.4, 2964.0096)
(2580, 4.204, 570.0, 2396.2799999999997)
(2661, 4.288, 524.0, 2246.9120000000003)
(2742, 4.332, 458.8, 1987.5216)
(2824, 4.228, 589.2, 2491.1376)
(2905, 4.268, 639.2, 2728.1056)
(2986, 4.284, 590.8, 2530.9871999999996)
(3067, 4.248, 581.2, 2468.9376)
(3149, 4.212, 586.4, 2469.9168)
(3230, 4.3, 580.0, 2494.0)
(3311, 4.22, 550.0, 2321.0)
(3393, 4.32, 536.4, 2317.248)
(3474, 4.236, 503.6, 2133.2496)
(3555, 4.308, 463.2, 1995.4655999999998)
(3637, 4.232, 456.0, 1929.7920000000001)
(3718, 4.272, 456.0, 1948.0320000000002)
(3799, 4.324, 447.6, 1935.4224)
(3881, 4.26, 454.0, 1934.04)
(3962, 4.272, 439.2, 1876.2624)
(4043, 4.332, 444.0, 1923.408)
(4125, 4.296, 485.6, 2086.1376)
(4206, 4.204, 467.6, 1965.7903999999999)
(4287, 4.312, 452.0, 1949.0240000000001)
(4368, 4.276, 452.8, 1936.1728)
(4450, 4.308, 451.6, 1945.4928)
(4531, 4.268, 428.8, 1830.1184)
(4612, 4.276, 425.6, 1819.8656)
(4694, 4.228, 447.2, 1890.7615999999998)
(4775, 4.316, 433.2, 1869.6912)
(4856, 4.28, 434.8, 1860.9440000000002)
(4938, 4.276, 443.2, 1895.1231999999998)
(5019, 4.244, 437.2, 1855.4768)
(5100, 4.276, 609.2, 2604.9392000000003)
(5182, 4.284, 648.0, 2776.0319999999997)
(5263, 4.192, 665.2, 2788.5184000000004)
(5344, 4.252, 569.2, 2420.2384)
(5426, 4.276, 630.8, 2697.3007999999995)
(5507, 4.244, 672.0, 2851.968)
(5588, 4.196, 622.0, 2609.912)
(5669, 4.304, 671.6, 2890.5664)
(5751, 4.2, 673.6, 2829.1200000000003)
(5832, 4.276, 667.6, 2854.6576)
(5913, 4.276, 622.0, 2659.672)
(5995, 4.252, 577.6, 2455.9552)
(6076, 4.24, 463.6, 1965.6640000000002)
(6157, 4.288, 456.4, 1957.0432)
(6239, 4.292, 443.6, 1903.9312)
(6320, 4.252, 444.8, 1891.2896)
(6401, 4.284, 461.2, 1975.7807999999998)
(6483, 4.316, 462.8, 1997.4448)
(6564, 4.328, 428.4, 1854.1152)
(6645, 4.212, 406.8, 1713.4415999999999)
(6727, 4.32, 514.0, 2220.48)
(6808, 4.248, 510.4, 2168.1792)
(6889, 4.288, 514.8, 2207.4624)
(6970, 4.276, 517.6, 2213.2576)
(7052, 4.296, 522.4, 2244.2304)
(7133, 4.228, 526.8, 2227.3104)
(7214, 4.328, 520.4, 2252.2912)
(7296, 4.276, 515.6, 2204.7056)
(7377, 4.256, 517.2, 2201.2032000000004)
(7458, 4.256, 425.6, 1811.3536000000001)
(7540, 4.3, 411.2, 1768.1599999999999)
(7621, 4.328, 409.6, 1772.7488000000003)
(7702, 4.22, 402.0, 1696.4399999999998)
(7784, 4.28, 402.4, 1722.272)
(7865, 4.28, 434.0, 1857.5200000000002)
(7946, 4.288, 422.4, 1811.2512)
(8028, 4.224, 482.0, 2035.968)
(8109, 4.32, 512.4, 2213.568)
(8190, 4.224, 464.4, 1961.6256)
(8271, 4.312, 513.2, 2212.9184000000005)
(8353, 4.304, 490.4, 2110.6816)
(8434, 4.252, 488.0, 2074.976)
(8515, 4.268, 489.2, 2087.9056)
(8597, 4.304, 499.6, 2150.2784)
(8678, 4.252, 494.8, 2103.8896)
(8759, 4.22, 488.4, 2061.048)
(8841, 4.284, 492.8, 2111.1552)
(8922, 4.28, 467.6, 2001.3280000000002)
(9003, 4.312, 465.6, 2007.6672000000003)
(9085, 4.232, 454.0, 1921.3280000000002)
(9166, 4.296, 474.0, 2036.304)
(9247, 4.248, 504.0, 2140.992)
(9329, 4.252, 516.4, 2195.7327999999998)
(9410, 4.264, 553.6, 2360.5504)
(9491, 4.268, 528.8, 2256.9183999999996)
(9572, 4.236, 452.0, 1914.6719999999998)
(9654, 4.308, 494.0, 2128.152)
(9735, 4.288, 469.2, 2011.9296000000002)
(9816, 4.252, 472.0, 2006.944)
(9898, 4.26, 459.6, 1957.896)
(9979, 4.268, 473.2, 2019.6175999999998)
(10060, 4.304, 495.2, 2131.3408)
(10142, 4.2, 690.8, 2901.36)
(10223, 4.244, 564.4, 2395.3136)
(10304, 4.248, 490.4, 2083.2192)
(10386, 4.292, 496.8, 2132.2656)
(10467, 4.24, 474.0, 2009.76)
(10548, 4.312, 496.0, 2138.752)
(10630, 4.188, 570.4, 2388.8351999999995)
(10711, 4.264, 617.6, 2633.4464000000003)
(10792, 4.28, 545.6, 2335.168)
(10873, 4.268, 476.0, 2031.568)
(10955, 4.248, 490.4, 2083.2192)
(11036, 4.332, 493.2, 2136.5424)
(11117, 4.268, 488.8, 2086.1983999999998)
(11199, 4.208, 491.6, 2068.6528000000003)
(11280, 4.312, 467.6, 2016.2912000000001)
(11361, 4.268, 522.8, 2231.3104)
(11443, 4.3, 560.8, 2411.4399999999996)
(11524, 4.244, 488.4, 2072.7695999999996)
(11605, 4.276, 499.2, 2134.5791999999997)
(11687, 4.232, 478.8, 2026.2816000000003)
(11768, 4.268, 489.2, 2087.9056)
(11849, 4.264, 472.0, 2012.6080000000002)
(11931, 4.272, 500.0, 2136.0)
(12012, 4.212, 548.8, 2311.5455999999995)
(12093, 4.3, 524.8, 2256.64)
(12174, 4.328, 487.2, 2108.6016)
(12256, 4.244, 452.8, 1921.6832)
(12337, 4.332, 452.4, 1959.7967999999998)
(12418, 4.3, 462.8, 1990.04)
(12500, 4.276, 462.8, 1978.9328)
(12581, 4.236, 461.6, 1955.3376)
(12662, 4.288, 469.2, 2011.9296000000002)
(12744, 4.244, 505.2, 2144.0688)
(12825, 4.288, 656.0, 2812.9280000000003)
(12906, 4.244, 584.8, 2481.8911999999996)
(12988, 4.3, 540.8, 2325.4399999999996)
(13069, 4.224, 470.4, 1986.9696)
(13150, 4.248, 462.4, 1964.2752)
(13232, 4.312, 556.0, 2397.472)
(13313, 4.22, 634.4, 2677.1679999999997)
(13394, 4.256, 512.0, 2179.072)
(13475, 4.312, 537.6, 2318.1312000000003)
(13557, 4.28, 520.4, 2227.312)
(13638, 4.196, 524.8, 2202.0607999999997)
(13719, 4.308, 514.0, 2214.312)
(13801, 4.26, 506.8, 2158.968)
(13882, 4.316, 504.0, 2175.264)
(13963, 4.268, 504.0, 2151.072)
(14045, 4.264, 476.8, 2033.0752000000002)
(14126, 4.208, 482.0, 2028.256)
(14207, 4.288, 478.4, 2051.3792)
(14289, 4.268, 483.6, 2064.0048)
(14370, 4.276, 504.8, 2158.5248)
(14451, 4.216, 475.2, 2003.4432)
(14533, 4.3, 488.0, 2098.4)
(14614, 4.34, 504.8, 2190.832)
(14695, 4.22, 485.6, 2049.232)
(14776, 4.296, 447.6, 1922.8896000000002)
(14858, 4.292, 459.2, 1970.8863999999999)
(14939, 4.292, 436.0, 1871.312)
(15020, 4.252, 413.6, 1758.6272)
(15102, 4.292, 430.8, 1848.9936)
(15183, 4.24, 443.6, 1880.8640000000003)
(15264, 4.324, 441.2, 1907.7487999999998)
(15346, 4.268, 429.6, 1833.5328)
(15427, 4.28, 444.8, 1903.7440000000001)
(15508, 4.236, 441.6, 1870.6176)
(15590, 4.28, 661.6, 2831.648)
(15671, 4.24, 666.8, 2827.232)
(15752, 4.2, 670.4, 2815.68)
(15834, 4.26, 619.2, 2637.792)
(15915, 4.28, 690.0, 2953.2000000000003)
(15996, 4.284, 664.4, 2846.2895999999996)
(16077, 4.204, 681.2, 2863.7648)
(16159, 4.268, 682.4, 2912.4831999999997)
(16240, 4.232, 682.4, 2887.9168)
(16321, 4.232, 650.8, 2754.1856)
(16403, 4.244, 614.8, 2609.2111999999997)
(16484, 4.268, 552.0, 2355.9359999999997)
(16565, 4.232, 453.2, 1917.9424000000001)
(16647, 4.336, 446.4, 1935.5904)
(16728, 4.28, 444.0, 1900.3200000000002)
(16809, 4.268, 443.6, 1893.2848)
(16891, 4.22, 459.2, 1937.8239999999998)
(16972, 4.272, 467.2, 1995.8784)
(17053, 4.32, 413.2, 1785.0240000000001)
(17135, 4.228, 403.6, 1706.4208)
(17216, 4.28, 501.6, 2146.8480000000004)
(17297, 4.276, 479.6, 2050.7696)
(17378, 4.304, 497.2, 2139.9488)
(17460, 4.212, 500.4, 2107.6848)
(17541, 4.304, 509.6, 2193.3184)
(17622, 4.22, 505.6, 2133.632)
(17704, 4.3, 525.2, 2258.36)
(17785, 4.3, 509.2, 2189.56)
(17866, 4.24, 517.6, 2194.6240000000003)
(17948, 4.236, 415.6, 1760.4816)
(18029, 4.304, 411.6, 1771.5264000000002)
(18110, 4.288, 415.6, 1782.0928000000001)
(18192, 4.232, 407.6, 1724.9632000000001)
(18273, 4.3, 404.4, 1738.9199999999998)
(18354, 4.288, 428.4, 1836.9792)
(18436, 4.328, 493.6, 2136.3008000000004)
(18517, 4.228, 508.0, 2147.824)
(18598, 4.292, 482.0, 2068.7439999999997)
(18679, 4.232, 498.4, 2109.2288)
(18761, 4.256, 494.8, 2105.8688)
(18842, 4.28, 492.4, 2107.472)
(18923, 4.28, 490.4, 2098.912)
(19005, 4.232, 488.8, 2068.6016)
(19086, 4.332, 489.2, 2119.2144)
(19167, 4.288, 494.0, 2118.272)
(19249, 4.236, 569.2, 2411.1312000000003)
(19330, 4.272, 488.8, 2088.1536)
(19411, 4.268, 478.4, 2041.8111999999999)
(19493, 4.288, 492.8, 2113.1264)
(19574, 4.216, 482.0, 2032.112)
(19655, 4.292, 496.4, 2130.5488)
(19737, 4.256, 513.2, 2184.1792000000005)
(19818, 4.328, 555.6, 2404.6368)
(19899, 4.24, 503.2, 2133.568)
(19980, 4.304, 483.6, 2081.4144)
(20062, 4.204, 451.2, 1896.8447999999999)
(20143, 4.288, 462.0, 1981.056)
(20224, 4.32, 457.6, 1976.8320000000003)
(20306, 4.268, 461.6, 1970.1088)
(20387, 4.288, 449.6, 1927.8848000000003)
(20468, 4.34, 478.0, 2074.52)
(20550, 4.292, 593.6, 2547.7312)
(20631, 4.188, 676.0, 2831.0879999999997)
(20712, 4.3, 555.6, 2389.08)
(20794, 4.24, 493.6, 2092.864)
(20875, 4.316, 472.4, 2038.8783999999998)
(20956, 4.224, 454.4, 1919.3856)
(21038, 4.28, 616.8, 2639.904)
(21119, 4.2, 624.8, 2624.16)
(21200, 4.288, 519.2, 2226.3296000000005)
(21281, 4.256, 519.6, 2211.4176)
(21363, 4.276, 532.8, 2278.2527999999998)
(21444, 4.188, 520.8, 2181.1103999999996)
(21525, 4.288, 536.8, 2301.7984)
(21607, 4.324, 506.0, 2187.944)
(21688, 4.236, 509.2, 2156.9712)
(21769, 4.296, 430.4, 1848.9984)
(21851, 4.3, 481.6, 2070.88)
(21932, 4.268, 476.8, 2034.9823999999999)
(22013, 4.224, 472.4, 1995.4176)
(22095, 4.308, 474.4, 2043.7151999999999)
(22176, 4.248, 485.6, 2062.8288000000002)
(22257, 4.328, 477.2, 2065.3216)
(22339, 4.256, 490.8, 2088.8448000000003)
(22420, 4.288, 483.6, 2073.6768)
(22501, 4.236, 462.4, 1958.7263999999998)
(22582, 4.276, 464.8, 1987.4848)
(22664, 4.304, 461.6, 1986.7264000000002)
(22745, 4.256, 430.4, 1831.7824)
(22826, 4.276, 408.4, 1746.3183999999999)
(22908, 4.328, 435.2, 1883.5456000000001)
(22989, 4.296, 442.8, 1902.2688)
(23070, 4.204, 450.4, 1893.4815999999998)
(23152, 4.324, 432.0, 1867.9679999999998)
(23233, 4.272, 441.2, 1884.8064000000002)
(23314, 4.276, 606.8, 2594.6767999999997)
(23396, 4.22, 650.4, 2744.6879999999996)
(23477, 4.252, 654.8, 2784.2095999999997)
(23558, 4.192, 565.2, 2369.3184)
(23640, 4.304, 619.6, 2666.7584)
(23721, 4.248, 649.6, 2759.5008000000003)
(23802, 4.24, 627.2, 2659.3280000000004)
(23883, 4.188, 655.2, 2743.9776)
(23965, 4.244, 656.0, 2784.064)
(24046, 4.268, 642.0, 2740.056)
(24127, 4.18, 654.0, 2733.72)
(24209, 4.264, 537.2, 2290.6208)
(24290, 4.276, 476.8, 2038.7967999999998)
(24371, 4.284, 470.8, 2016.9071999999999)
(24453, 4.216, 442.8, 1866.8448)
(24534, 4.32, 464.4, 2006.208)
(24615, 4.236, 458.8, 1943.4768)
(24697, 4.316, 460.8, 1988.8128)
(24778, 4.304, 406.8, 1750.8672000000001)
(24859, 4.252, 403.2, 1714.4063999999998)
(24941, 4.228, 502.0, 2122.4559999999997)
(25022, 4.304, 514.0, 2212.2560000000003)
(25103, 4.268, 477.6, 2038.3968)
(25184, 4.236, 512.0, 2168.832)
(25266, 4.28, 498.4, 2133.152)
(25347, 4.296, 498.0, 2139.4080000000004)
(25428, 4.324, 504.8, 2182.7552)
(25510, 4.216, 544.0, 2293.504)
(25591, 4.288, 519.2, 2226.3296000000005)
(25672, 4.248, 456.0, 1937.0880000000002)
(25754, 4.26, 427.2, 1819.8719999999998)
(25835, 4.304, 413.6, 1780.1344000000001)
(25916, 4.308, 412.0, 1774.896)
(25998, 4.244, 411.2, 1745.1327999999999)
(26079, 4.344, 461.2, 2003.4528)
(26160, 4.288, 449.6, 1927.8848000000003)
(26242, 4.26, 513.6, 2187.936)
(26323, 4.248, 468.0, 1988.064)
(26404, 4.284, 503.6, 2157.4224)
(26485, 4.292, 493.6, 2118.5312)
(26567, 4.204, 492.0, 2068.368)
(26648, 4.264, 490.0, 2089.36)
(26729, 4.268, 492.8, 2103.2704)
(26811, 4.304, 486.4, 2093.4656)
(26892, 4.228, 478.0, 2020.984)
(26973, 4.308, 473.2, 2038.5456)
(27055, 4.232, 487.2, 2061.8304)
(27136, 4.284, 458.8, 1965.4992)
(27217, 4.3, 450.8, 1938.44)
(27299, 4.288, 477.2, 2046.2336)
(27380, 4.264, 452.4, 1929.0336)
(27461, 4.332, 500.8, 2169.4656)
(27543, 4.276, 518.4, 2216.6784)
(27624, 4.22, 552.4, 2331.1279999999997)
(27705, 4.328, 437.6, 1893.9328000000003)
(27786, 4.264, 460.0, 1961.44)
(27868, 4.304, 463.2, 1993.6128)
(27949, 4.236, 464.0, 1965.504)
(28030, 4.28, 452.0, 1934.5600000000002)
(28112, 4.24, 462.0, 1958.88)
(28193, 4.284, 474.8, 2034.0432)
(28274, 4.248, 535.2, 2273.5296000000003)
(28356, 4.252, 684.0, 2908.368)
(28437, 4.2, 562.4, 2362.08)
(28518, 4.296, 490.0, 2105.04)
(28600, 4.336, 476.0, 2063.936)
(28681, 4.248, 464.0, 1971.0720000000001)
(28762, 4.284, 582.8, 2496.7151999999996)
(28844, 4.272, 630.8, 2694.7776)
(28925, 4.252, 562.4, 2391.3248)
(29006, 4.216, 527.2, 2222.6752)
(29087, 4.312, 523.6, 2257.7632000000003)
(29169, 4.248, 519.6, 2207.2608)
(29250, 4.32, 517.6, 2236.032)
(29331, 4.248, 524.4, 2227.6512000000002)
(29413, 4.276, 516.4, 2208.1263999999996)
(29494, 4.212, 444.8, 1873.4976)
(29575, 4.28, 462.8, 1980.784)
(29657, 4.304, 446.8, 1923.0272000000002)
(29738, 4.268, 455.2, 1942.7936)
(29819, 4.244, 461.2, 1957.3328)
(29901, 4.32, 478.8, 2068.416)
(29982, 4.308, 452.4, 1948.9391999999998)
(30063, 4.212, 473.6, 1994.8032)
(30145, 4.308, 475.6, 2048.8848)
(30226, 4.296, 476.4, 2046.6144)
(30307, 4.284, 460.8, 1974.0672)
(30388, 4.252, 447.2, 1901.4943999999998)
(30470, 4.268, 425.2, 1814.7535999999998)
(30551, 4.232, 413.2, 1748.6624)
(30632, 4.336, 430.8, 1867.9488000000001)
(30714, 4.264, 432.0, 1842.048)
(30795, 4.272, 454.8, 1942.9056)
(30876, 4.192, 436.0, 1827.712)
(30958, 4.284, 435.2, 1864.3967999999998)
(31039, 4.316, 575.6, 2484.2896)
(31120, 4.204, 662.4, 2784.7295999999997)
(31202, 4.248, 577.2, 2451.9456000000005)
(31283, 4.272, 566.4, 2419.6608)
(31364, 4.268, 610.0, 2603.48)
(31446, 4.176, 654.0, 2731.1040000000003)
(31527, 4.272, 650.4, 2778.5088)
(31608, 4.216, 662.0, 2790.992)
(31689, 4.268, 661.2, 2822.0016)
(31771, 4.256, 643.2, 2737.4592000000002)
(31852, 4.236, 645.2, 2733.0672)
(31933, 4.208, 517.2, 2176.3776000000003)
(32015, 4.296, 466.8, 2005.3728)
(32096, 4.26, 463.6, 1974.936)
(32177, 4.252, 443.6, 1886.1872)
(32259, 4.244, 440.0, 1867.36)
(32340, 4.3, 454.0, 1952.1999999999998)
(32421, 4.304, 448.8, 1931.6352000000002)
(32503, 4.208, 430.0, 1809.44)
(32584, 4.312, 392.0, 1690.304)
(32665, 4.272, 445.6, 1903.6032000000002)
(32747, 4.264, 513.6, 2189.9904)
(32828, 4.244, 489.2, 2076.1648)
(32909, 4.344, 483.2, 2099.0208000000002)
(32990, 4.208, 484.4, 2038.3552)
(33072, 4.32, 495.6, 2140.992)
(33153, 4.308, 489.6, 2109.1968)
(33234, 4.26, 511.2, 2177.712)
(33316, 4.252, 538.4, 2289.2767999999996)
(33397, 4.276, 519.2, 2220.0992)
(33478, 4.288, 477.6, 2047.9488000000001)
(33560, 4.228, 420.8, 1779.1424)
(33641, 4.308, 412.4, 1776.6191999999999)
(33722, 4.288, 408.8, 1752.9344)
(33804, 4.348, 425.2, 1848.7695999999999)
(33885, 4.2, 420.8, 1767.3600000000001)
(33966, 4.324, 489.6, 2117.0304)
(34048, 4.216, 508.4, 2143.4144)
(34129, 4.268, 503.6, 2149.3648)
(34210, 4.292, 471.2, 2022.3903999999998)
(34291, 4.288, 504.0, 2161.152)
(34373, 4.224, 500.4, 2113.6896)
(34454, 4.324, 522.0, 2257.1279999999997)
(34535, 4.272, 502.4, 2146.2528)
(34617, 4.232, 504.0, 2132.928)
(34698, 4.332, 521.6, 2259.5712)
(34779, 4.256, 468.0, 1991.808)
(34861, 4.312, 442.8, 1909.3536000000001)
(34942, 4.224, 432.0, 1824.768)
(35023, 4.284, 451.6, 1934.6544000000001)
(35105, 4.256, 432.8, 1841.9968000000001)
(35186, 4.284, 448.4, 1920.9455999999998)
(35267, 4.244, 481.6, 2043.9104)
(35349, 4.32, 533.6, 2305.152)
(35430, 4.2, 471.2, 1979.04)
(35511, 4.304, 458.8, 1974.6752000000001)
(35592, 4.336, 466.4, 2022.3104)
(35674, 4.252, 473.2, 2012.0464)
(35755, 4.26, 468.8, 1997.088)
(35836, 4.288, 488.0, 2092.5440000000003)
(35918, 4.272, 472.0, 2016.384)
(35999, 4.208, 483.2, 2033.3056000000001)
(36080, 4.328, 594.8, 2574.2943999999998)
(36162, 4.244, 578.4, 2454.7295999999997)
(36243, 4.324, 491.2, 2123.9487999999997)
(36324, 4.24, 482.0, 2043.68)
(36406, 4.284, 473.6, 2028.9024)
(36487, 4.208, 534.4, 2248.7552)
(36568, 4.252, 611.2, 2598.8224)
(36650, 4.26, 613.6, 2613.936)
(36731, 4.26, 505.6, 2153.8559999999998)
(36812, 4.232, 491.6, 2080.4512)
(36893, 4.312, 494.0, 2130.128)
(36975, 4.32, 499.2, 2156.544)
(37056, 4.224, 509.2, 2150.8608)
(37137, 4.332, 486.8, 2108.8176)
(37219, 4.3, 479.6, 2062.28)
(37300, 4.268, 530.4, 2263.7472)
(37381, 4.22, 498.4, 2103.2479999999996)
(37463, 4.28, 484.0, 2071.52)
(37544, 4.236, 499.6, 2116.3056)
(37625, 4.328, 478.0, 2068.784)
(37707, 4.26, 467.2, 1990.272)
(37788, 4.28, 475.6, 2035.5680000000002)
(37869, 4.216, 537.2, 2264.8352000000004)
(37951, 4.268, 557.6, 2379.8368)
(38032, 4.288, 490.4, 2102.8352)
(38113, 4.24, 454.0, 1924.96)
(38194, 4.26, 456.0, 1942.56)
(38276, 4.344, 466.8, 2027.7792000000002)
(38357, 4.288, 464.4, 1991.3472)
(38438, 4.212, 460.4, 1939.2047999999998)
(38520, 4.32, 458.4, 1980.288)
(38601, 4.26, 460.0, 1959.6)
(38682, 4.312, 605.6, 2611.3472)
(38764, 4.256, 626.8, 2667.6608)
(38845, 4.24, 584.0, 2476.1600000000003)
(38926, 4.236, 462.0, 1957.032)
(39008, 4.308, 456.0, 1964.4479999999999)
(39089, 4.26, 454.8, 1937.4479999999999)
(39170, 4.268, 521.2, 2224.4816)
(39252, 4.208, 564.0, 2373.312)
(39333, 4.272, 497.2, 2124.0384)
(39414, 4.312, 457.2, 1971.4464)
(39495, 4.204, 480.8, 2021.2831999999999)
(39577, 4.296, 480.8, 2065.5168000000003)
(39658, 4.288, 489.6, 2099.4048000000003)
(39739, 4.26, 483.6, 2060.136)
(39821, 4.236, 485.2, 2055.3071999999997)
(39902, 4.316, 470.0, 2028.52)
(39983, 4.216, 571.6, 2409.8656)
(40065, 4.292, 523.6, 2247.2912)
(40146, 4.308, 491.2, 2116.0896)
(40227, 4.26, 506.8, 2158.968)
(40309, 4.24, 503.6, 2135.264)
(40390, 4.28, 594.4, 2544.032)
(40471, 4.224, 626.0, 2644.224)
(40553, 4.208, 621.2, 2614.0096000000003)
(40634, 4.276, 468.4, 2002.8783999999998)
(40715, 4.268, 468.4, 1999.1311999999998)
(40796, 4.32, 482.0, 2082.2400000000002)
(40878, 4.212, 472.8, 1991.4335999999998)
(40959, 4.3, 475.6, 2045.08)
(41040, 4.244, 478.8, 2032.0272)
(41122, 4.26, 477.6, 2034.576)
(41203, 4.292, 447.2, 1919.3824)
(41284, 4.312, 537.2, 2316.4064000000003)
(41366, 4.208, 532.0, 2238.656)
(41447, 4.308, 525.6, 2264.2848)
(41528, 4.284, 525.6, 2251.6704)
(41610, 4.228, 528.0, 2232.384)
(41691, 4.26, 686.0, 2922.3599999999997)
(41772, 4.224, 657.2, 2776.0128000000004)
(41854, 4.248, 630.4, 2677.9392000000003)
(41935, 4.192, 504.4, 2114.4448)
(42016, 4.26, 470.4, 2003.9039999999998)
(42097, 4.26, 475.6, 2026.056)
(42179, 4.284, 471.6, 2020.3344)
(42260, 4.232, 469.2, 1985.6544000000001)
(42341, 4.312, 484.4, 2088.7328)
(42423, 4.208, 458.8, 1930.6304000000002)
(42504, 4.296, 477.6, 2051.7696)
(42585, 4.292, 604.8, 2595.8016)
(42667, 4.248, 558.0, 2370.384)
(42748, 4.236, 542.4, 2297.6063999999997)
(42829, 4.312, 530.0, 2285.36)
(42911, 4.264, 520.8, 2220.6911999999998)
(42992, 4.196, 780.4, 3274.5584)
(43073, 4.268, 634.8, 2709.3263999999995)
(43155, 4.236, 642.4, 2721.2063999999996)
(43236, 4.272, 546.0, 2332.512)
(43317, 4.22, 503.6, 2125.192)
(43398, 4.272, 502.8, 2147.9616)
(43480, 4.224, 490.4, 2071.4496)
(43561, 4.26, 491.6, 2094.216)
(43642, 4.264, 474.8, 2024.5472000000002)
(43724, 4.28, 472.8, 2023.584)
(43805, 4.244, 418.8, 1777.3872)
(43886, 4.316, 455.6, 1966.3696)
(43968, 4.324, 451.6, 1952.7184)
(44049, 4.24, 480.4, 2036.896)
(44130, 4.308, 448.4, 1931.7071999999998)
(44212, 4.304, 477.6, 2055.5904)
(44293, 4.232, 675.6, 2859.1392)
(44374, 4.18, 669.6, 2798.928)
(44456, 4.256, 693.2, 2950.2592000000004)
(44537, 4.216, 601.6, 2536.3456)
(44618, 4.288, 574.0, 2461.3120000000004)
(44699, 4.252, 530.0, 2253.56)
(44781, 4.3, 516.0, 2218.7999999999997)
(44862, 4.22, 487.6, 2057.672)
(44943, 4.288, 422.4, 1811.2512)
(45025, 4.34, 402.0, 1744.6799999999998)
(45106, 4.268, 395.6, 1688.4208)
(45187, 4.28, 391.2, 1674.336)
(45269, 4.328, 410.4, 1776.2112)
(45350, 4.296, 396.4, 1702.9344)
(45431, 4.212, 398.4, 1678.0607999999997)
(45513, 4.324, 450.0, 1945.8)
(45594, 4.26, 503.6, 2145.336)
(45675, 4.268, 490.8, 2094.7344)
(45757, 4.26, 481.6, 2051.616)
(45838, 4.264, 505.6, 2155.8784)
(45919, 4.208, 511.6, 2152.8128)
(46000, 4.324, 522.8, 2260.5872)
(46082, 4.252, 508.4, 2161.7167999999997)
(46163, 4.252, 538.0, 2287.576)
(46244, 4.208, 459.2, 1932.3136)
(46326, 4.288, 430.4, 1845.5552)
(46407, 4.344, 412.8, 1793.2032000000002)
(46488, 4.228, 412.4, 1743.6272)
(46570, 4.288, 402.0, 1723.776)
(46651, 4.312, 422.4, 1821.3888)
(46732, 4.284, 412.8, 1768.4352)
(46814, 4.244, 444.0, 1884.3359999999998)
(46895, 4.336, 490.8, 2128.1088)
(46976, 4.228, 492.4, 2081.8671999999997)
(47058, 4.332, 458.4, 1985.7887999999998)
(47139, 4.28, 453.6, 1941.4080000000001)
(47220, 4.268, 472.8, 2017.9104)
(47301, 4.232, 474.8, 2009.3536000000001)
(47383, 4.268, 473.2, 2019.6175999999998)
(47464, 4.288, 470.0, 2015.3600000000001)
(47545, 4.236, 488.4, 2068.8624)
(47627, 4.292, 463.6, 1989.7712)
(47708, 4.3, 573.2, 2464.76)
(47789, 4.312, 507.6, 2188.7712)
(47871, 4.224, 477.2, 2015.6928)
(47952, 4.296, 470.4, 2020.8384)
(48033, 4.252, 476.8, 2027.3536)
(48115, 4.26, 595.2, 2535.552)
(48196, 4.224, 587.2, 2480.3328)
(48277, 4.272, 581.2, 2482.8864000000003)
(48359, 4.228, 473.6, 2002.3808)
(48440, 4.32, 486.4, 2101.248)
(48521, 4.28, 470.4, 2013.3120000000001)
(48602, 4.26, 476.4, 2029.4639999999997)
(48684, 4.26, 466.4, 1986.8639999999998)
(48765, 4.256, 493.2, 2099.0592)
(48846, 4.296, 472.8, 2031.1488000000002)
(48928, 4.208, 468.8, 1972.7104000000002)
(49009, 4.268, 549.2, 2343.9856)
(49090, 4.26, 547.2, 2331.072)
(49172, 4.312, 532.0, 2293.984)
(49253, 4.204, 523.2, 2199.5328)
(49334, 4.304, 621.6, 2675.3664000000003)
(49416, 4.16, 850.8, 3539.328)
(49497, 4.196, 831.2, 3487.7152)
(49578, 4.252, 673.2, 2862.4464000000003)
(49660, 4.264, 650.4, 2773.3056)
(49741, 4.236, 502.4, 2128.1663999999996)
(49822, 4.324, 497.6, 2151.6224)
(49903, 4.26, 500.4, 2131.7039999999997)
(49985, 4.22, 484.4, 2044.168)
(50066, 4.324, 466.0, 2014.984)
(50147, 4.272, 418.8, 1789.1136000000001)
(50229, 4.32, 395.6, 1708.9920000000002)
(50310, 4.236, 416.4, 1763.8703999999998)
(50391, 4.292, 419.2, 1799.2063999999998)
(50473, 4.248, 435.2, 1848.7296000000001)
(50554, 4.3, 422.8, 1818.04)
(50635, 4.272, 436.8, 1866.0096)
(50717, 4.276, 577.6, 2469.8176)
(50798, 4.196, 570.4, 2393.3983999999996)
(50879, 4.288, 580.0, 2487.04)
(50961, 4.3, 555.6, 2389.08)
(51042, 4.228, 534.8, 2261.1343999999995)
(51123, 4.268, 494.0, 2108.392)
(51204, 4.284, 486.8, 2085.4512)
(51286, 4.276, 496.0, 2120.8959999999997)
(51367, 4.236, 413.6, 1752.0096)
(51448, 4.316, 393.2, 1697.0511999999999)
(51530, 4.26, 397.2, 1692.072)
(51611, 4.348, 405.2, 1761.8095999999998)
(51692, 4.248, 391.2, 1661.8176)
(51774, 4.32, 404.0, 1745.2800000000002)
(51855, 4.224, 398.8, 1684.5312000000001)
(51936, 4.264, 444.0, 1893.2160000000001)
(52018, 4.304, 495.2, 2131.3408)
(52099, 4.256, 505.6, 2151.8336000000004)
(52180, 4.244, 484.8, 2057.4912)
(52262, 4.312, 498.4, 2149.1008)
(52343, 4.308, 494.8, 2131.5984)
(52424, 4.212, 497.6, 2095.8912)
(52505, 4.32, 492.4, 2127.168)
(52587, 4.288, 542.8, 2327.5263999999997)
(52668, 4.264, 526.8, 2246.2752)
(52749, 4.24, 459.6, 1948.7040000000002)
(52831, 4.3, 441.2, 1897.1599999999999)
(52912, 4.232, 424.4, 1796.0608)
(52993, 4.332, 435.2, 1885.2864)
(53075, 4.268, 420.8, 1795.9744)
(53156, 4.28, 436.0, 1866.0800000000002)
(53237, 4.184, 476.0, 1991.584)
(53319, 4.272, 510.8, 2182.1376)
(53400, 4.312, 522.0, 2250.864)
(53481, 4.224, 482.8, 2039.3472000000002)
(53563, 4.268, 462.4, 1973.5231999999999)
(53644, 4.288, 474.0, 2032.5120000000002)
(53725, 4.276, 474.4, 2028.5343999999998)
(53806, 4.216, 467.2, 1969.7152)
(53888, 4.324, 472.0, 2040.9279999999999)
(53969, 4.236, 483.6, 2048.5296)
(54050, 4.308, 452.8, 1950.6624)
(54132, 4.296, 522.4, 2244.2304)
(54213, 4.252, 528.4, 2246.7567999999997)
(54294, 4.232, 476.0, 2014.432)
(54376, 4.304, 494.4, 2127.8976000000002)
(54457, 4.252, 470.4, 2000.1408)
(54538, 4.252, 499.6, 2124.2992)
(54620, 4.24, 586.4, 2486.3360000000002)
(54701, 4.26, 567.6, 2417.976)
(54782, 4.308, 486.4, 2095.4112)
(54864, 4.208, 478.0, 2011.424)
(54945, 4.3, 470.8, 2024.44)
(55026, 4.26, 471.6, 2009.016)
(55107, 4.276, 486.8, 2081.5568)
(55189, 4.244, 461.6, 1959.0304)
(55270, 4.34, 473.2, 2053.688)
(55351, 4.216, 466.8, 1968.0288)
(55433, 4.304, 596.4, 2566.9056)
(55514, 4.296, 566.0, 2431.536)
(55595, 4.252, 541.6, 2302.8831999999998)
(55677, 4.26, 523.2, 2228.832)
(55758, 4.268, 534.4, 2280.8192)
(55839, 4.224, 791.2, 3342.0288000000005)
(55921, 4.16, 845.6, 3517.6960000000004)
(56002, 4.252, 737.2, 3134.5744)
(56083, 4.228, 696.8, 2946.0703999999996)
(56165, 4.308, 650.4, 2801.9231999999997)
(56246, 4.188, 517.6, 2167.7088)
(56327, 4.292, 491.6, 2109.9472)
(56408, 4.224, 484.8, 2047.7952000000002)
(56490, 4.256, 419.6, 1785.8176)
(56571, 4.304, 406.0, 1747.4240000000002)
(56652, 4.316, 411.2, 1774.7392)
(56734, 4.256, 397.6, 1692.1856000000002)
(56815, 4.336, 396.8, 1720.5248000000001)
(56896, 4.3, 394.0, 1694.1999999999998)
(56978, 4.244, 409.6, 1738.3424)
(57059, 4.336, 441.2, 1913.0432)
(57140, 4.264, 490.8, 2092.7712)
(57222, 4.296, 507.2, 2178.9312)
(57303, 4.228, 466.0, 1970.2479999999998)
(57384, 4.264, 489.6, 2087.6544000000004)
(57466, 4.248, 476.0, 2022.048)
(57547, 4.28, 498.8, 2134.864)
(57628, 4.236, 480.8, 2036.6688)
(57709, 4.32, 498.4, 2153.088)
(57791, 4.204, 487.6, 2049.8704)
(57872, 4.3, 466.0, 2003.8)
(57953, 4.324, 452.4, 1956.1775999999998)
(58035, 4.26, 459.2, 1956.1919999999998)
(58116, 4.28, 438.0, 1874.64)
(58197, 4.316, 442.4, 1909.3983999999998)
(58279, 4.296, 453.6, 1948.6656000000003)
(58360, 4.216, 454.8, 1917.4368000000002)
(58441, 4.324, 478.0, 2066.872)
(58523, 4.26, 514.0, 2189.64)
(58604, 4.312, 485.2, 2092.1824)
(58685, 4.236, 439.2, 1860.4511999999997)
(58767, 4.288, 456.4, 1957.0432)
(58848, 4.224, 453.2, 1914.3168)
(58929, 4.284, 452.4, 1938.0815999999998)
(59010, 4.268, 449.2, 1917.1855999999998)
(59092, 4.28, 458.0, 1960.24)
(59173, 4.244, 534.4, 2267.9936)
(59254, 4.272, 659.6, 2817.8112)
(59336, 4.28, 642.8, 2751.1839999999997)
(59417, 4.196, 567.6, 2381.6495999999997)
(59498, 4.288, 460.4, 1974.1952)
(59580, 4.308, 467.6, 2014.4208)
(59661, 4.28, 502.4, 2150.272)
(59742, 4.212, 614.8, 2589.5375999999997)
(59824, 4.28, 546.0, 2336.88)
(59905, 4.224, 563.6, 2380.6464)
(59986, 4.324, 567.2, 2452.5728)
(60068, 4.248, 538.4, 2287.1232)
(60149, 4.264, 538.0, 2294.032)
(60230, 4.22, 516.0, 2177.52)
(60311, 4.276, 499.2, 2134.5791999999997)
(60393, 4.308, 438.4, 1888.6272)
(60474, 4.244, 441.6, 1874.1504)
(60555, 4.268, 438.8, 1872.7984)
(60637, 4.32, 442.0, 1909.44)
(60718, 4.316, 442.0, 1907.672)
(60799, 4.2, 447.2, 1878.24)
(60881, 4.336, 455.2, 1973.7472)
(60962, 4.252, 476.8, 2027.3536)
(61043, 4.28, 464.0, 1985.92)
(61125, 4.252, 460.4, 1957.6207999999997)
(61206, 4.26, 471.6, 2009.016)
(61287, 4.24, 447.2, 1896.1280000000002)
(61369, 4.336, 432.8, 1876.6208000000001)
(61450, 4.28, 407.6, 1744.5280000000002)
(61531, 4.26, 428.0, 1823.28)
(61612, 4.216, 436.0, 1838.1760000000002)
(61694, 4.296, 448.8, 1928.0448000000001)
(61775, 4.332, 436.8, 1892.2176)
(61856, 4.216, 434.0, 1829.7440000000001)
(61938, 4.256, 574.4, 2444.6464)
(62019, 4.256, 628.0, 2672.768)
(62100, 4.252, 601.2, 2556.3024)
(62182, 4.2, 556.8, 2338.56)
(62263, 4.296, 638.8, 2744.2848)
(62344, 4.184, 644.8, 2697.8432)
(62426, 4.284, 646.0, 2767.464)
(62507, 4.272, 658.0, 2810.976)
(62588, 4.236, 675.6, 2861.8415999999997)
(62670, 4.2, 632.0, 2654.4)
(62751, 4.28, 568.0, 2431.04)
(62832, 4.256, 486.8, 2071.8208)
(62913, 4.224, 460.0, 1943.0400000000002)
(62995, 4.292, 444.0, 1905.648)
(63076, 4.28, 448.4, 1919.152)
(63157, 4.328, 442.0, 1912.976)
(63239, 4.228, 449.2, 1899.2176)
(63320, 4.296, 440.8, 1893.6768000000002)
(63401, 4.244, 432.4, 1835.1055999999999)
(63483, 4.284, 405.6, 1737.5904)
(63564, 4.288, 436.0, 1869.5680000000002)
(63645, 4.292, 483.2, 2073.8943999999997)
(63727, 4.224, 452.8, 1912.6272000000001)
(63808, 4.328, 502.4, 2174.3872)
(63889, 4.304, 476.8, 2052.1472000000003)
(63971, 4.248, 484.0, 2056.032)
(64052, 4.256, 481.2, 2047.9872)
(64133, 4.268, 535.6, 2285.9408)
(64214, 4.268, 544.4, 2323.4991999999997)
(64296, 4.22, 518.0, 2185.96)
(64377, 4.284, 414.4, 1775.2895999999998)
(64458, 4.272, 435.2, 1859.1744)
(64540, 4.336, 427.6, 1854.0736000000002)
(64621, 4.22, 408.8, 1725.136)
(64702, 4.316, 416.0, 1795.456)
(64784, 4.208, 416.8, 1753.8944000000001)
(64865, 4.284, 470.0, 2013.48)
(64946, 4.296, 505.6, 2172.0576)
(65028, 4.256, 526.0, 2238.656)
(65109, 4.252, 476.4, 2025.6527999999998)
(65190, 4.324, 489.2, 2115.3008)
(65272, 4.28, 484.4, 2073.232)
(65353, 4.216, 480.0, 2023.68)
(65434, 4.308, 476.4, 2052.3311999999996)
(65515, 4.256, 483.6, 2058.2016000000003)
(61, 4.296, 497.2, 2135.9712)
(142, 4.26, 459.2, 1956.1919999999998)
(223, 4.276, 453.6, 1939.5936)
(305, 4.232, 455.6, 1928.0992)
(386, 4.296, 456.0, 1958.976)
(467, 4.252, 464.8, 1976.3296)
(549, 4.276, 455.2, 1946.4352)
(630, 4.176, 485.2, 2026.1952)
(711, 4.288, 505.2, 2166.2976)
(793, 4.316, 492.4, 2125.1983999999998)
(874, 4.228, 477.6, 2019.2928)
(955, 4.276, 420.4, 1797.6303999999998)
(1037, 4.308, 450.0, 1938.6)
(1118, 4.3, 451.2, 1940.1599999999999)
(1199, 4.228, 450.0, 1902.6)
(1280, 4.34, 457.2, 1984.2479999999998)
(1362, 4.24, 452.4, 1918.176)
(1443, 4.328, 480.8, 2080.9024000000004)
(1524, 4.268, 639.2, 2728.1056)
(1606, 4.26, 663.2, 2825.232)
(1687, 4.216, 500.4, 2109.6864)
(1768, 4.284, 477.6, 2046.0384)
(1850, 4.3, 463.6, 1993.48)
(1931, 4.252, 488.4, 2076.6767999999997)
(2012, 4.204, 631.2, 2653.5648)
(2094, 4.284, 554.0, 2373.336)
(2175, 4.308, 538.8, 2321.1503999999995)
(2256, 4.2, 558.0, 2343.6)
(2338, 4.288, 538.8, 2310.3744)
(2419, 4.248, 542.4, 2304.1152)
(2500, 4.268, 514.8, 2197.1663999999996)
(2581, 4.24, 491.2, 2082.688)
(2663, 4.288, 466.0, 1998.208)
(2744, 4.22, 428.8, 1809.5359999999998)
(2825, 4.316, 432.0, 1864.512)
(2907, 4.296, 428.8, 1842.1248)
(2988, 4.272, 437.6, 1869.4272000000003)
(3069, 4.224, 423.6, 1789.2864000000002)
(3151, 4.252, 437.6, 1860.6752)
(3232, 4.3, 449.2, 1931.56)
(3313, 4.22, 448.8, 1893.936)
(3395, 4.276, 459.2, 1963.5392)
(3476, 4.276, 466.4, 1994.3264)
(3557, 4.292, 466.4, 2001.7887999999998)
(3639, 4.208, 418.8, 1762.3104)
(3720, 4.328, 428.4, 1854.1152)
(3801, 4.232, 442.0, 1870.544)
(3882, 4.292, 441.6, 1895.3472)
(3964, 4.32, 436.0, 1883.5200000000002)
(4045, 4.308, 443.2, 1909.3056)
(4126, 4.24, 544.8, 2309.9519999999998)
(4208, 4.308, 648.4, 2793.3071999999997)
(4289, 4.272, 628.4, 2684.5248)
(4370, 4.216, 574.8, 2423.3568)
(4452, 4.308, 451.6, 1945.4928)
(4533, 4.284, 618.8, 2650.9392)
(4614, 4.28, 652.4, 2792.272)
(4696, 4.2, 621.6, 2610.7200000000003)
(4777, 4.248, 637.2, 2706.8256)
(4858, 4.224, 614.4, 2595.2256)
(4940, 4.272, 614.4, 2624.7168)
(5021, 4.208, 567.2, 2386.7776000000003)
(5102, 4.328, 534.4, 2312.8832)
(5183, 4.232, 430.8, 1823.1456)
(5265, 4.32, 432.8, 1869.6960000000001)
(5346, 4.32, 421.6, 1821.3120000000001)
(5427, 4.268, 424.8, 1813.0464)
(5509, 4.288, 449.2, 1926.1696000000002)
(5590, 4.288, 438.8, 1881.5744000000002)
(5671, 4.28, 413.6, 1770.2080000000003)
(5753, 4.224, 405.2, 1711.5648)
(5834, 4.308, 490.8, 2114.3664)
(5915, 4.252, 537.2, 2284.1744)
(5997, 4.312, 490.8, 2116.3296)
(6078, 4.216, 513.6, 2165.3376000000003)
(6159, 4.28, 522.4, 2235.872)
(6241, 4.204, 517.2, 2174.3088000000002)
(6322, 4.26, 522.8, 2227.1279999999997)
(6403, 4.268, 478.8, 2043.5184)
(6484, 4.28, 503.2, 2153.696)
(6566, 4.252, 400.0, 1700.8)
(6647, 4.324, 412.0, 1781.4879999999998)
(6728, 4.32, 397.2, 1715.904)
(6810, 4.224, 399.2, 1686.2208)
(6891, 4.344, 402.0, 1746.288)
(6972, 4.312, 408.0, 1759.296)
(7054, 4.308, 394.4, 1699.0751999999998)
(7135, 4.252, 396.0, 1683.792)
(7216, 4.308, 472.0, 2033.376)
(7298, 4.236, 497.6, 2107.8336)
(7379, 4.316, 469.2, 2025.0672)
(7460, 4.256, 474.8, 2020.7488)
(7542, 4.276, 485.6, 2076.4256)
(7623, 4.212, 482.4, 2031.8687999999997)
(7704, 4.276, 491.2, 2100.3712)
(7785, 4.316, 470.8, 2031.9728)
(7867, 4.244, 470.4, 1996.3775999999998)
(7948, 4.256, 419.6, 1785.8176)
(8029, 4.34, 460.8, 1999.872)
(8111, 4.304, 489.2, 2105.5168)
(8192, 4.204, 494.8, 2080.1392)
(8273, 4.3, 470.8, 2024.44)
(8355, 4.256, 476.8, 2029.2608000000002)
(8436, 4.3, 652.4, 2805.3199999999997)
(8517, 4.232, 716.4, 3031.8048)
(8599, 4.236, 714.8, 3027.8927999999996)
(8680, 4.192, 633.6, 2656.0512000000003)
(8761, 4.284, 594.0, 2544.696)
(8843, 4.252, 553.2, 2352.2064)
(8924, 4.256, 500.0, 2128.0)
(9005, 4.228, 480.8, 2032.8224)
(9086, 4.288, 412.8, 1770.0864000000001)
(9168, 4.332, 414.4, 1795.1807999999999)
(9249, 4.216, 399.2, 1683.0272)
(9330, 4.296, 390.0, 1675.44)
(9412, 4.3, 397.2, 1707.9599999999998)
(9493, 4.276, 399.6, 1708.6896)
(9574, 4.252, 390.4, 1659.9807999999998)
(9656, 4.332, 405.2, 1755.3264)
(9737, 4.236, 448.4, 1899.4223999999997)
(9818, 4.328, 503.2, 2177.8496)
(9900, 4.308, 474.8, 2045.4384)
(9981, 4.264, 468.8, 1998.9632000000001)
(10062, 4.272, 481.6, 2057.3952000000004)
(10144, 4.292, 486.0, 2085.912)
(10225, 4.292, 489.2, 2099.6464)
(10306, 4.224, 494.8, 2090.0352000000003)
(10387, 4.296, 455.2, 1955.5392000000002)
(10469, 4.276, 505.2, 2160.2352)
(10550, 4.32, 485.2, 2096.0640000000003)
(10631, 4.22, 458.8, 1936.136)
(10713, 4.296, 470.8, 2022.5568)
(10794, 4.24, 466.4, 1977.536)
(10875, 4.26, 473.2, 2015.8319999999999)
(10957, 4.268, 454.8, 1941.0864)
(11038, 4.288, 496.0, 2126.848)
(11119, 4.212, 539.2, 2271.1104)
(11201, 4.304, 499.2, 2148.5568000000003)
(11282, 4.284, 437.6, 1874.6784)
(11363, 4.244, 460.0, 1952.2399999999998)
(11445, 4.272, 460.0, 1965.1200000000001)
(11526, 4.26, 464.8, 1980.048)
(11607, 4.308, 454.0, 1955.8319999999999)
(11688, 4.22, 464.0, 1958.08)
(11770, 4.276, 452.8, 1936.1728)
(11851, 4.248, 625.6, 2657.5488)
(11932, 4.284, 592.4, 2537.8415999999997)
(12014, 4.2, 507.6, 2131.92)
(12095, 4.316, 479.6, 2069.9536)
(12176, 4.204, 464.4, 1952.3375999999998)
(12258, 4.304, 450.8, 1940.2432000000001)
(12339, 4.304, 544.4, 2343.0976)
(12420, 4.252, 590.0, 2508.68)
(12502, 4.248, 480.4, 2040.7392)
(12583, 4.276, 494.4, 2114.0544)
(12664, 4.28, 510.0, 2182.8)
(12746, 4.208, 491.6, 2068.6528000000003)
(12827, 4.316, 483.2, 2085.4912)
(12908, 4.272, 493.6, 2108.6592)
(12989, 4.324, 499.6, 2160.2704)
(13071, 4.22, 428.0, 1806.1599999999999)
(13152, 4.288, 492.4, 2111.4112)
(13233, 4.228, 480.4, 2031.1311999999998)
(13315, 4.26, 493.2, 2101.0319999999997)
(13396, 4.264, 468.4, 1997.2576)
(13477, 4.288, 480.0, 2058.2400000000002)
(13559, 4.224, 486.4, 2054.5536)
(13640, 4.32, 486.4, 2101.248)
(13721, 4.328, 493.2, 2134.5696000000003)
(13803, 4.224, 503.6, 2127.2064)
(13884, 4.292, 439.2, 1885.0464)
(13965, 4.304, 433.6, 1866.2144000000003)
(14047, 4.288, 426.8, 1830.1184)
(14128, 4.244, 419.2, 1779.0847999999999)
(14209, 4.288, 434.0, 1860.9920000000002)
(14290, 4.26, 446.4, 1901.6639999999998)
(14372, 4.324, 449.2, 1942.3408)
(14453, 4.252, 427.6, 1818.1552)
(14534, 4.308, 436.8, 1881.7344)
(14616, 4.224, 591.2, 2497.2288000000003)
(14697, 4.212, 672.0, 2830.464)
(14778, 4.256, 582.4, 2478.6944)
(14860, 4.236, 614.8, 2604.2927999999997)
(14941, 4.212, 675.6, 2845.6272)
(15022, 4.28, 670.8, 2871.024)
(15104, 4.276, 684.8, 2928.2047999999995)
(15185, 4.172, 690.0, 2878.68)
(15266, 4.288, 665.2, 2852.3776000000003)
(15348, 4.236, 635.6, 2692.4016)
(15429, 4.272, 575.6, 2458.9632)
(15510, 4.256, 464.8, 1978.1888000000001)
(15591, 4.28, 451.2, 1931.136)
(15673, 4.216, 444.8, 1875.2768)
(15754, 4.32, 442.0, 1909.44)
(15835, 4.244, 434.4, 1843.5935999999997)
(15917, 4.268, 462.0, 1971.8159999999998)
(15998, 4.22, 442.0, 1865.2399999999998)
(16079, 4.288, 426.4, 1828.4032)
(16161, 4.328, 402.4, 1741.5872)
(16242, 4.224, 460.0, 1943.0400000000002)
(16323, 4.288, 463.2, 1986.2016)
(16405, 4.3, 490.4, 2108.72)
(16486, 4.3, 485.6, 2088.08)
(16567, 4.22, 480.8, 2028.9759999999999)
(16649, 4.32, 486.8, 2102.976)
(16730, 4.224, 504.4, 2130.5856)
(16811, 4.328, 535.6, 2318.0768000000003)
(16892, 4.28, 506.4, 2167.392)
(16974, 4.26, 460.8, 1963.008)
(17055, 4.24, 411.2, 1743.488)
(17136, 4.312, 396.8, 1711.0016)
(17218, 4.296, 409.6, 1759.6416000000002)
(17299, 4.252, 428.4, 1821.5567999999998)
(17380, 4.292, 434.4, 1864.4447999999998)
(17462, 4.316, 482.4, 2082.0384)
(17543, 4.308, 518.0, 2231.544)
(17624, 4.212, 500.4, 2107.6848)
(17706, 4.304, 490.0, 2108.96)
(17787, 4.248, 495.2, 2103.6096000000002)
(17868, 4.256, 486.8, 2071.8208)
(17950, 4.268, 489.6, 2089.6128)
(18031, 4.276, 506.8, 2167.0768)
(18112, 4.232, 494.8, 2093.9936000000002)
(18193, 4.312, 473.2, 2040.4384)
(18275, 4.292, 422.4, 1812.9407999999999)
(18356, 4.26, 454.4, 1935.744)
(18437, 4.232, 456.4, 1931.4848)
(18519, 4.256, 468.8, 1995.2128000000002)
(18600, 4.308, 476.0, 2050.6079999999997)
(18681, 4.208, 473.2, 1991.2256)
(18763, 4.272, 476.8, 2036.8896000000002)
(18844, 4.276, 470.0, 2009.7199999999998)
(18925, 4.284, 503.6, 2157.4224)
(19007, 4.208, 456.0, 1918.8480000000002)
(19088, 4.312, 431.6, 1861.0592000000001)
(19169, 4.224, 413.6, 1747.0464000000002)
(19251, 4.288, 440.0, 1886.72)
(19332, 4.324, 434.4, 1878.3455999999999)
(19413, 4.296, 456.4, 1960.6944)
(19494, 4.256, 437.2, 1860.7232000000001)
(19576, 4.344, 452.8, 1966.9632000000001)
(19657, 4.268, 634.8, 2709.3263999999995)
(19738, 4.204, 653.2, 2746.0528)
(19820, 4.28, 545.6, 2335.168)
(19901, 4.26, 480.4, 2046.504)
(19982, 4.316, 456.0, 1968.096)
(20064, 4.232, 473.6, 2004.2752000000003)
(20145, 4.268, 618.8, 2641.0383999999995)
(20226, 4.216, 586.0, 2470.576)
(20308, 4.276, 566.8, 2423.6367999999998)
(20389, 4.216, 555.2, 2340.7232000000004)
(20470, 4.268, 575.6, 2456.6608)
(20552, 4.196, 534.0, 2240.6639999999998)
(20633, 4.292, 520.8, 2235.2735999999995)
(20714, 4.32, 431.6, 1864.5120000000002)
(20795, 4.252, 417.6, 1775.6352)
(20877, 4.304, 413.6, 1780.1344000000001)
(20958, 4.292, 410.4, 1761.4367999999997)
(21039, 4.284, 410.8, 1759.8672)
(21121, 4.236, 411.6, 1743.5376)
(21202, 4.308, 442.4, 1905.8591999999999)
(21283, 4.268, 445.2, 1900.1136)
(21365, 4.328, 521.6, 2257.4848)
(21446, 4.228, 515.6, 2179.9568)
(21527, 4.284, 506.0, 2167.7039999999997)
(21609, 4.216, 541.2, 2281.6992000000005)
(21690, 4.26, 534.4, 2276.544)
(21771, 4.272, 511.6, 2185.5552000000002)
(21853, 4.252, 511.6, 2175.3232)
(21934, 4.24, 475.2, 2014.848)
(22015, 4.328, 453.2, 1961.4496000000001)
(22096, 4.312, 438.4, 1890.3808000000001)
(22178, 4.208, 453.2, 1907.0656000000001)
(22259, 4.34, 426.0, 1848.84)
(22340, 4.288, 434.8, 1864.4224000000002)
(22422, 4.312, 437.2, 1885.2064)
(22503, 4.248, 428.4, 1819.8432)
(22584, 4.276, 458.4, 1960.1183999999998)
(22666, 4.228, 468.0, 1978.704)
(22747, 4.328, 498.0, 2155.344)
(22828, 4.276, 463.6, 1982.3536)
(22910, 4.272, 450.0, 1922.4)
(22991, 4.208, 438.8, 1846.4704000000002)
(23072, 4.284, 452.4, 1938.0815999999998)
(23154, 4.316, 450.4, 1943.9263999999998)
(23235, 4.228, 460.0, 1944.8799999999999)
(23316, 4.284, 432.0, 1850.6879999999999)
(23397, 4.28, 462.0, 1977.3600000000001)
(23479, 4.272, 639.2, 2730.6624)
(23560, 4.184, 655.2, 2741.3568000000005)
(23641, 4.284, 502.4, 2152.2816)
(23723, 4.244, 469.6, 1992.9824)
(23804, 4.308, 457.2, 1969.6175999999998)
(23885, 4.28, 467.2, 1999.616)
(23967, 4.256, 602.0, 2562.112)
(24048, 4.212, 562.0, 2367.144)
(24129, 4.284, 555.6, 2380.1904)
(24211, 4.264, 548.0, 2336.672)
(24292, 4.24, 541.6, 2296.384)
(24373, 4.204, 509.2, 2140.6767999999997)
(24455, 4.3, 514.0, 2210.2)
(24536, 4.312, 473.2, 2040.4384)
(24617, 4.216, 433.6, 1828.0576)
(24698, 4.296, 440.4, 1891.9584)
(24780, 4.268, 431.2, 1840.3616)
(24861, 4.268, 431.6, 1842.0688)
(24942, 4.272, 428.8, 1831.8336000000002)
(25024, 4.304, 446.0, 1919.584)
(25105, 4.228, 451.2, 1907.6735999999999)
(25186, 4.32, 458.4, 1980.288)
(25268, 4.276, 452.8, 1936.1728)
(25349, 4.268, 474.4, 2024.7391999999998)
(25430, 4.244, 442.8, 1879.2432)
(25512, 4.308, 435.2, 1874.8416)
(25593, 4.324, 411.6, 1779.7584)
(25674, 4.228, 434.8, 1838.3344)
(25756, 4.3, 433.6, 1864.48)
(25837, 4.272, 451.2, 1927.5264)
(25918, 4.324, 436.4, 1886.9935999999998)
(25999, 4.204, 429.6, 1806.0384)
(26081, 4.32, 628.4, 2714.688)
(26162, 4.192, 696.8, 2920.9856)
(26243, 4.22, 656.4, 2770.008)
(26325, 4.252, 615.2, 2615.8304000000003)
(26406, 4.276, 547.2, 2339.8272)
(26487, 4.188, 703.2, 2945.0016)
(26569, 4.28, 696.0, 2978.88)
(26650, 4.28, 707.2, 3026.8160000000003)
(26731, 4.196, 688.4, 2888.5263999999997)
(26813, 4.28, 598.8, 2562.864)
(26894, 4.248, 594.8, 2526.7104)
(26975, 4.292, 543.2, 2331.4144)
(27057, 4.216, 486.0, 2048.976)
(27138, 4.28, 429.6, 1838.688)
(27219, 4.256, 427.6, 1819.8656)
(27300, 4.296, 436.4, 1874.7744)
(27382, 4.264, 428.8, 1828.4032000000002)
(27463, 4.332, 439.6, 1904.3472)
(27544, 4.196, 414.4, 1738.8223999999998)
(27626, 4.316, 411.2, 1774.7392)
(27707, 4.332, 396.8, 1718.9376)
(27788, 4.268, 451.2, 1925.7215999999999)
(27870, 4.272, 477.2, 2038.5984)
(27951, 4.272, 502.8, 2147.9616)
(28032, 4.256, 506.8, 2156.9408000000003)
(28114, 4.2, 498.8, 2094.96)
(28195, 4.312, 490.4, 2114.6048)
(28276, 4.256, 512.4, 2180.7744000000002)
(28358, 4.316, 498.8, 2152.8208)
(28439, 4.22, 494.0, 2084.68)
(28520, 4.288, 399.6, 1713.4848000000002)
(28601, 4.232, 411.2, 1740.1984)
(28683, 4.272, 424.0, 1811.3280000000002)
(28764, 4.3, 397.2, 1707.9599999999998)
(28845, 4.292, 405.6, 1740.8352)
(28927, 4.252, 413.2, 1756.9263999999998)
(29008, 4.32, 472.0, 2039.0400000000002)
(29089, 4.328, 495.2, 2143.2256)
(29171, 4.212, 491.6, 2070.6192)
(29252, 4.3, 490.4, 2108.72)
(29333, 4.296, 508.8, 2185.8048000000003)
(29415, 4.268, 487.6, 2081.0768)
(29496, 4.236, 487.2, 2063.7792)
(29577, 4.308, 487.6, 2100.5808)
(29659, 4.236, 490.0, 2075.64)
(29740, 4.308, 461.2, 1986.8495999999998)
(29821, 4.252, 438.8, 1865.7776)
(29902, 4.284, 451.2, 1932.9407999999999)
(29984, 4.228, 441.6, 1867.0848)
(30065, 4.272, 444.0, 1896.768)
(30146, 4.324, 466.0, 2014.984)
(30228, 4.244, 444.4, 1886.0335999999998)
(30309, 4.284, 467.6, 2003.1984)
(30390, 4.308, 496.0, 2136.768)
(30472, 4.272, 486.8, 2079.6096000000002)
(30553, 4.212, 457.2, 1925.7263999999998)
(30634, 4.32, 450.0, 1944.0000000000002)
(30716, 4.26, 442.8, 1886.328)
(30797, 4.3, 452.4, 1945.3199999999997)
(30878, 4.276, 441.2, 1886.5711999999999)
(30960, 4.292, 456.0, 1957.1519999999998)
(31041, 4.24, 439.6, 1863.9040000000002)
(31122, 4.312, 594.0, 2561.328)
(31203, 4.24, 649.6, 2754.304)
(31285, 4.228, 590.8, 2497.9023999999995)
(31366, 4.224, 465.6, 1966.6944)
(31447, 4.272, 475.2, 2030.0544)
(31529, 4.332, 470.4, 2037.7727999999997)
(31610, 4.208, 555.6, 2337.9648)
(31691, 4.256, 587.6, 2500.8256)
(31773, 4.276, 543.2, 2322.7232)
(31854, 4.284, 530.0, 2270.52)
(31935, 4.204, 517.2, 2174.3088000000002)
(32017, 4.312, 498.4, 2149.1008)
(32098, 4.204, 510.0, 2144.04)
(32179, 4.3, 507.2, 2180.96)
(32261, 4.312, 430.4, 1855.8848)
(32342, 4.264, 438.4, 1869.3376)
(32423, 4.26, 440.0, 1874.3999999999999)
(32504, 4.308, 435.2, 1874.8416)
(32586, 4.292, 444.8, 1909.0816)
(32667, 4.232, 458.4, 1939.9488)
(32748, 4.296, 436.4, 1874.7744)
(32830, 4.28, 446.4, 1910.592)
(32911, 4.32, 452.4, 1954.368)
(32992, 4.212, 460.0, 1937.52)
(33074, 4.3, 473.6, 2036.48)
(33155, 4.244, 468.8, 1989.5872)
(33236, 4.26, 466.0, 1985.1599999999999)
(33318, 4.3, 410.4, 1764.7199999999998)
(33399, 4.292, 408.4, 1752.8528)
(33480, 4.236, 439.2, 1860.4511999999997)
(33562, 4.312, 442.0, 1905.9040000000002)
(33643, 4.288, 434.0, 1860.9920000000002)
(33724, 4.248, 440.0, 1869.1200000000001)
(33805, 4.252, 529.6, 2251.8592)
(33887, 4.244, 636.4, 2700.8815999999997)
(33968, 4.252, 631.2, 2683.8624)
(34049, 4.208, 566.8, 2385.0944)
(34131, 4.256, 445.6, 1896.4736000000003)
(34212, 4.252, 606.0, 2576.712)
(34293, 4.28, 650.0, 2782.0)
(34375, 4.216, 622.8, 2625.7248)
(34456, 4.28, 639.2, 2735.7760000000003)
(34537, 4.192, 609.2, 2553.7664000000004)
(34619, 4.256, 594.8, 2531.4688)
(34700, 4.304, 566.0, 2436.0640000000003)
(34781, 4.252, 534.8, 2273.9696)
(34863, 4.272, 426.8, 1823.2896)
(34944, 4.336, 435.6, 1888.7616000000003)
(35025, 4.304, 423.2, 1821.4528)
(35106, 4.228, 425.2, 1797.7455999999997)
(35188, 4.324, 438.8, 1897.3712)
(35269, 4.26, 443.2, 1888.032)
(35350, 4.32, 395.6, 1708.9920000000002)
(35432, 4.26, 392.4, 1671.6239999999998)
(35513, 4.292, 497.2, 2133.9824)
(35594, 4.224, 512.8, 2166.0672)
(35676, 4.28, 496.8, 2126.304)
(35757, 4.256, 496.4, 2112.6784000000002)
(35838, 4.268, 505.2, 2156.1936)
(35920, 4.216, 499.2, 2104.6272)
(36001, 4.296, 490.4, 2106.7584)
(36082, 4.328, 494.4, 2139.7632)
(36164, 4.224, 488.4, 2063.0016)
(36245, 4.312, 391.2, 1686.8544000000002)
(36326, 4.316, 406.4, 1754.0223999999998)
(36407, 4.288, 399.6, 1713.4848000000002)
(36489, 4.244, 396.8, 1684.0192)
(36570, 4.308, 406.0, 1749.048)
(36651, 4.26, 408.4, 1739.7839999999999)
(36733, 4.34, 392.4, 1703.0159999999998)
(36814, 4.276, 401.2, 1715.5312)
(36895, 4.308, 465.6, 2005.8048000000001)
(36977, 4.224, 456.4, 1927.8336)
(37058, 4.292, 478.0, 2051.576)
(37139, 4.276, 483.2, 2066.1632)
(37221, 4.248, 484.4, 2057.7312)
(37302, 4.256, 476.0, 2025.8560000000002)
(37383, 4.32, 478.0, 2064.96)
(37465, 4.324, 473.2, 2046.1167999999998)
(37546, 4.184, 507.6, 2123.7984)
(37627, 4.3, 438.4, 1885.12)
(37708, 4.268, 424.4, 1811.3392)
(37790, 4.304, 428.0, 1842.112)
(37871, 4.284, 433.6, 1857.5424)
(37952, 4.292, 433.2, 1859.2943999999998)
(38034, 4.224, 437.2, 1846.7328)
(38115, 4.328, 485.2, 2099.9456)
(38196, 4.26, 510.8, 2176.008)
(38278, 4.26, 522.8, 2227.1279999999997)
(38359, 4.236, 464.0, 1965.504)
(38440, 4.276, 464.4, 1985.7743999999998)
(38522, 4.308, 468.8, 2019.5904)
(38603, 4.216, 469.6, 1979.8336000000002)
(38684, 4.252, 468.0, 1989.936)
(38766, 4.268, 479.6, 2046.9328)
(38847, 4.288, 468.4, 2008.4992)
(38928, 4.204, 488.8, 2054.9152)
(39009, 4.328, 492.4, 2131.1072)
(39091, 4.228, 483.2, 2042.9696)
(39172, 4.308, 476.8, 2054.0544)
(39253, 4.3, 464.4, 1996.9199999999998)
(39335, 4.26, 473.2, 2015.8319999999999)
(39416, 4.208, 590.0, 2482.7200000000003)
(39497, 4.308, 584.0, 2515.872)
(39579, 4.244, 526.4, 2234.0415999999996)
(39660, 4.224, 487.2, 2057.9328)
(39741, 4.288, 464.8, 1993.0624000000003)
(39823, 4.296, 467.2, 2007.0912)
(39904, 4.332, 468.4, 2029.1087999999997)
(39985, 4.228, 457.2, 1933.0415999999998)
(40067, 4.288, 462.8, 1984.4864000000002)
(40148, 4.252, 485.6, 2064.7712)
(40229, 4.272, 495.6, 2117.2032000000004)
(40310, 4.248, 514.0, 2183.472)
(40392, 4.308, 565.6, 2436.6048)
(40473, 4.22, 524.4, 2212.968)
(40554, 4.296, 527.6, 2266.5696000000003)
(40636, 4.316, 530.8, 2290.9327999999996)
(40717, 4.248, 557.6, 2368.6848)
(40798, 4.248, 578.0, 2455.344)
(40880, 4.264, 498.8, 2126.8832)
(40961, 4.276, 465.6, 1990.9056)
(41042, 4.212, 433.2, 1824.6383999999998)
(41124, 4.288, 442.8, 1898.7264000000002)
(41205, 4.284, 450.0, 1927.8)
(41286, 4.312, 448.0, 1931.776)
(41368, 4.216, 442.4, 1865.1584)
(41449, 4.332, 440.0, 1906.08)
(41530, 4.212, 613.2, 2582.7984)
(41611, 4.224, 655.2, 2767.5648)
(41693, 4.24, 582.8, 2471.072)
(41774, 4.268, 504.0, 2151.072)
(41855, 4.236, 460.4, 1950.2543999999998)
(41937, 4.336, 454.4, 1970.2784000000001)
(42018, 4.272, 576.0, 2460.672)
(42099, 4.196, 643.6, 2700.5456)
(42181, 4.308, 537.2, 2314.2576)
(42262, 4.26, 543.6, 2315.736)
(42343, 4.276, 541.2, 2314.1712)
(42425, 4.224, 536.0, 2264.0640000000003)
(42506, 4.284, 529.2, 2267.0928)
(42587, 4.228, 531.2, 2245.9136)
(42669, 4.296, 458.8, 1971.0048000000002)
(42750, 4.232, 421.2, 1782.5184)
(42831, 4.288, 442.8, 1898.7264000000002)
(42912, 4.2, 438.4, 1841.28)
(42994, 4.292, 441.6, 1895.3472)
(43075, 4.32, 438.0, 1892.16)
(43156, 4.244, 445.2, 1889.4288)
(43238, 4.292, 439.6, 1886.7632)
(43319, 4.324, 463.6, 2004.6064000000001)
(43400, 4.3, 460.4, 1979.7199999999998)
(43482, 4.232, 473.6, 2004.2752000000003)
(43563, 4.316, 454.4, 1961.1903999999997)
(43644, 4.26, 428.0, 1823.28)
(43726, 4.328, 426.0, 1843.728)
(43807, 4.28, 412.8, 1766.784)
(43888, 4.276, 437.6, 1871.1776)
(43970, 4.244, 440.8, 1870.7552)
(44051, 4.288, 448.4, 1922.7392)
(44132, 4.276, 433.2, 1852.3631999999998)
(44213, 4.256, 438.0, 1864.1280000000002)
(44295, 4.232, 556.8, 2356.3776)
(44376, 4.268, 662.0, 2825.4159999999997)
(44457, 4.292, 660.4, 2834.4368)
(44539, 4.188, 567.2, 2375.4336)
(44620, 4.288, 652.4, 2797.4912)
(44701, 4.248, 672.0, 2854.656)
(44783, 4.24, 674.0, 2857.76)
(44864, 4.18, 654.0, 2733.72)
(44945, 4.288, 669.6, 2871.2448000000004)
(45027, 4.192, 613.6, 2572.2112)
(45108, 4.304, 599.6, 2580.6784000000002)
(45189, 4.28, 521.6, 2232.4480000000003)
(45271, 4.272, 450.4, 1924.1088)
(45352, 4.224, 430.4, 1818.0096)
(45433, 4.288, 431.2, 1848.9856)
(45514, 4.324, 425.2, 1838.5647999999999)
(45596, 4.236, 451.6, 1912.9776)
(45677, 4.276, 438.4, 1874.5983999999999)
(45758, 4.284, 436.8, 1871.2512)
(45840, 4.308, 402.0, 1731.816)
(45921, 4.224, 464.0, 1959.9360000000001)
(46002, 4.3, 469.6, 2019.28)
(46084, 4.244, 490.8, 2082.9552)
(46165, 4.268, 492.8, 2103.2704)
(46246, 4.28, 488.4, 2090.352)
(46328, 4.304, 489.2, 2105.5168)
(46409, 4.228, 503.2, 2127.5296)
(46490, 4.324, 510.8, 2208.6992)
(46572, 4.276, 502.0, 2146.5519999999997)
(46653, 4.236, 450.8, 1909.5888)
(46734, 4.252, 404.0, 1717.808)
(46815, 4.28, 408.8, 1749.6640000000002)
(46897, 4.32, 411.6, 1778.1120000000003)
(46978, 4.24, 404.0, 1712.96)
(47059, 4.284, 438.4, 1878.1055999999999)
(47141, 4.268, 479.6, 2046.9328)
(47222, 4.292, 522.0, 2240.424)
(47303, 4.192, 485.2, 2033.9584)
(47385, 4.328, 492.0, 2129.376)
(47466, 4.204, 500.4, 2103.6816)
(47547, 4.296, 498.0, 2139.4080000000004)
(47629, 4.308, 490.0, 2110.92)
(47710, 4.264, 502.4, 2142.2336)
(47791, 4.26, 501.6, 2136.816)
(47873, 4.32, 442.4, 1911.1680000000001)
(47954, 4.264, 450.4, 1920.5056)
(48035, 4.224, 433.2, 1829.8368)
(48116, 4.32, 428.0, 1848.96)
(48198, 4.272, 430.8, 1840.3776000000003)
(48279, 4.324, 432.0, 1867.9679999999998)
(48360, 4.228, 439.2, 1856.9375999999997)
(48442, 4.288, 452.0, 1938.1760000000002)
(48523, 4.228, 456.4, 1929.6591999999998)
(48604, 4.272, 472.4, 2018.0928000000001)
(48686, 4.264, 454.4, 1937.5616)
(48767, 4.272, 454.8, 1942.9056)
(48848, 4.244, 411.6, 1746.8304)
(48930, 4.324, 432.8, 1871.4272)
(49011, 4.328, 433.6, 1876.6208000000001)
(49092, 4.232, 455.2, 1926.4064)
(49174, 4.304, 432.4, 1861.0496)
(49255, 4.312, 446.0, 1923.152)
(49336, 4.24, 637.2, 2701.7280000000005)
(49417, 4.184, 634.0, 2652.656)
(49499, 4.272, 552.4, 2359.8528)
(49580, 4.224, 492.8, 2081.5872)
(49661, 4.324, 450.0, 1945.8)
(49743, 4.24, 438.0, 1857.1200000000001)
(49824, 4.296, 581.2, 2496.8352000000004)
(49905, 4.204, 592.4, 2490.4496)
(49987, 4.252, 588.0, 2500.176)
(50068, 4.296, 569.6, 2447.0016)
(50149, 4.236, 554.0, 2346.7439999999997)
(50231, 4.244, 535.2, 2271.3888)
(50312, 4.312, 539.2, 2325.0304000000006)
(50393, 4.288, 472.4, 2025.6512)
(50475, 4.204, 422.4, 1775.7695999999999)
(50556, 4.332, 413.2, 1789.9823999999999)
(50637, 4.272, 408.4, 1744.6848)
(50718, 4.304, 408.8, 1759.4752)
(50800, 4.264, 408.0, 1739.712)
(50881, 4.276, 451.2, 1929.3311999999999)
(50962, 4.224, 412.4, 1741.9776)
(51044, 4.34, 465.6, 2020.704)
(51125, 4.252, 510.4, 2170.2207999999996)
(51206, 4.256, 526.0, 2238.656)
(51288, 4.216, 520.0, 2192.32)
(51369, 4.268, 530.0, 2262.04)
(51450, 4.296, 512.4, 2201.2704)
(51532, 4.212, 514.8, 2168.3376)
(51613, 4.26, 518.4, 2208.384)
(51694, 4.284, 508.0, 2176.272)
(51776, 4.28, 445.2, 1905.4560000000001)
(51857, 4.24, 427.6, 1813.0240000000001)
(51938, 4.324, 424.4, 1835.1055999999999)
(52019, 4.236, 427.6, 1811.3136)
(52101, 4.308, 436.0, 1878.288)
(52182, 4.296, 415.6, 1785.4176000000002)
(52263, 4.26, 425.2, 1811.3519999999999)
(52345, 4.236, 470.0, 1990.9199999999998)
(52426, 4.292, 522.0, 2240.424)
(52507, 4.252, 483.6, 2056.2672)
(52589, 4.24, 451.6, 1914.784)
(52670, 4.292, 454.4, 1950.2848)
(52751, 4.308, 462.0, 1990.2959999999998)
(52833, 4.308, 458.0, 1973.0639999999999)
(52914, 4.22, 451.6, 1905.752)
(52995, 4.3, 464.0, 1995.1999999999998)
(53077, 4.252, 464.0, 1972.9279999999999)
(53158, 4.272, 458.8, 1959.9936000000002)
(53239, 4.224, 604.0, 2551.2960000000003)
(53320, 4.296, 567.2, 2436.6912)
(53402, 4.224, 466.0, 1968.384)
(53483, 4.34, 459.2, 1992.9279999999999)
(53564, 4.292, 462.4, 1984.6208)
(53646, 4.232, 675.2, 2857.4464000000003)
(53727, 4.228, 672.8, 2844.5984)
(53808, 4.248, 680.4, 2890.3392)
(53890, 4.224, 634.4, 2679.7056000000002)
(53971, 4.188, 626.0, 2621.6879999999996)
(54052, 4.272, 540.8, 2310.2976)
(54134, 4.252, 520.4, 2212.7407999999996)
(54215, 4.324, 428.8, 1854.1312)
(54296, 4.204, 413.6, 1738.7744)
(54378, 4.324, 413.2, 1786.6768)
(54459, 4.224, 411.6, 1738.5984)
(54540, 4.28, 416.0, 1780.48)
(54621, 4.296, 427.2, 1835.2512000000002)
(54703, 4.304, 445.2, 1916.1408000000001)
(54784, 4.26, 398.4, 1697.1839999999997)
(54865, 4.324, 416.4, 1800.5135999999998)
(54947, 4.284, 471.6, 2020.3344)
(55028, 4.208, 508.0, 2137.664)
(55109, 4.316, 484.4, 2090.6704)
(55191, 4.26, 494.4, 2106.144)
(55272, 4.296, 495.2, 2127.3792)
(55353, 4.224, 492.8, 2081.5872)
(55435, 4.28, 496.0, 2122.88)
(55516, 4.232, 510.4, 2160.0128)
(55597, 4.276, 501.6, 2144.8416)
(55679, 4.244, 430.8, 1828.3152)
(55760, 4.292, 406.8, 1745.9856)
(55841, 4.232, 399.2, 1689.4144000000001)
(55922, 4.328, 401.6, 1738.1248000000003)
(56004, 4.332, 408.8, 1770.9216)
(56085, 4.252, 420.0, 1785.84)
(56166, 4.3, 484.4, 2082.9199999999996)
(56248, 4.324, 520.8, 2251.9392)
(56329, 4.264, 482.8, 2058.6592)
(56410, 4.22, 495.6, 2091.432)
(56492, 4.316, 502.4, 2168.3583999999996)
(56573, 4.244, 492.8, 2091.4432)
(56654, 4.288, 507.2, 2174.8736)
(56736, 4.284, 486.4, 2083.7376)
(56817, 4.28, 502.8, 2151.9840000000004)
(56898, 4.228, 454.0, 1919.512)
(56980, 4.292, 440.0, 1888.48)
(57061, 4.272, 450.8, 1925.8176)
(57142, 4.268, 448.8, 1915.4784)
(57223, 4.24, 437.6, 1855.4240000000002)
(57305, 4.324, 463.6, 2004.6064000000001)
(57386, 4.328, 452.0, 1956.256)
(57467, 4.208, 471.6, 1984.4928000000002)
(57549, 4.3, 502.0, 2158.6)
(57630, 4.28, 494.0, 2114.32)
(57711, 4.276, 481.6, 2059.3216)
(57793, 4.248, 422.8, 1796.0544000000002)
(57874, 4.296, 447.6, 1922.8896000000002)
(57955, 4.232, 451.2, 1909.4784)
(58037, 4.336, 454.0, 1968.544)
(58118, 4.28, 442.0, 1891.7600000000002)
(58199, 4.276, 461.2, 1972.0911999999998)
(58281, 4.244, 643.2, 2729.7408)
(58362, 4.24, 662.4, 2808.576)
(58443, 4.248, 616.0, 2616.768)
(58524, 4.212, 553.2, 2330.0784)
(58606, 4.268, 452.4, 1930.8431999999998)
(58687, 4.284, 456.0, 1953.504)
(58768, 4.32, 553.6, 2391.552)
(58850, 4.196, 623.6, 2616.6256)
(58931, 4.296, 543.6, 2335.3056)
(59012, 4.228, 552.0, 2333.8559999999998)
(59094, 4.26, 552.0, 2351.52)
(59175, 4.256, 527.2, 2243.7632000000003)
(59256, 4.288, 551.2, 2363.5456000000004)
(59338, 4.224, 506.8, 2140.7232000000004)
(59419, 4.324, 487.2, 2106.6528)
(59500, 4.268, 429.6, 1833.5328)
(59582, 4.248, 448.0, 1903.104)
(59663, 4.228, 430.0, 1818.04)
(59744, 4.28, 432.4, 1850.672)
(59825, 4.308, 431.6, 1859.3328000000001)
(59907, 4.224, 431.6, 1823.0784)
(59988, 4.288, 436.0, 1869.5680000000002)
(60069, 4.26, 460.4, 1961.3039999999999)
(60151, 4.292, 463.2, 1988.0543999999998)
(60232, 4.228, 465.6, 1968.5568)
(60313, 4.336, 474.8, 2058.7328)
(60395, 4.196, 441.6, 1852.9536)
(60476, 4.308, 434.8, 1873.1184)
(60557, 4.332, 423.6, 1835.0352)
(60639, 4.272, 440.0, 1879.68)
(60720, 4.272, 437.2, 1867.7184)
(60801, 4.32, 451.6, 1950.9120000000003)
(60883, 4.284, 440.0, 1884.9599999999998)
(60964, 4.22, 437.2, 1844.984)
(61045, 4.316, 687.6, 2967.6816)
(61126, 4.232, 712.8, 3016.5696)
(61208, 4.272, 609.6, 2604.2112)
(61289, 4.236, 624.8, 2646.6528)
(61370, 4.272, 724.0, 3092.9280000000003)
(61452, 4.192, 709.6, 2974.6432000000004)
(61533, 4.24, 725.6, 3076.5440000000003)
(61614, 4.232, 708.8, 2999.6416)
(61696, 4.248, 689.2, 2927.7216000000003)
(61777, 4.184, 621.2, 2599.1008)
(61858, 4.284, 580.0, 2484.72)
(61940, 4.304, 537.6, 2313.8304000000003)
(62021, 4.232, 467.2, 1977.1904)
(62102, 4.32, 426.4, 1842.048)
(62184, 4.308, 433.6, 1867.9488000000001)
(62265, 4.284, 430.4, 1843.8336)
(62346, 4.236, 454.0, 1923.144)
(62427, 4.284, 430.8, 1845.5472)
(62509, 4.26, 414.0, 1763.6399999999999)
(62590, 4.34, 431.6, 1873.144)
(62671, 4.252, 492.0, 2091.984)
(62753, 4.3, 515.6, 2217.08)
(62834, 4.212, 501.2, 2111.0544)
(62915, 4.256, 506.0, 2153.536)
(62997, 4.304, 504.0, 2169.2160000000003)
(63078, 4.248, 499.2, 2120.6016)
(63159, 4.264, 470.8, 2007.4912000000002)
(63241, 4.32, 521.2, 2251.5840000000003)
(63322, 4.304, 468.4, 2015.9936)
(63403, 4.196, 432.4, 1814.3503999999998)
(63485, 4.316, 413.6, 1785.0976)
(63566, 4.276, 417.2, 1783.9471999999998)
(63647, 4.304, 418.4, 1800.7936)
(63728, 4.268, 413.2, 1763.5375999999999)
(63810, 4.276, 434.8, 1859.2048)
(63891, 4.212, 488.8, 2058.8256)
(63972, 4.316, 503.2, 2171.8111999999996)
(64054, 4.28, 481.2, 2059.536)
(64135, 4.26, 454.8, 1937.4479999999999)
(64216, 4.212, 468.8, 1974.5855999999999)
(64298, 4.276, 477.2, 2040.5071999999998)
(64379, 4.328, 474.8, 2054.9344)
(64460, 4.216, 466.0, 1964.6560000000002)
(64542, 4.288, 468.4, 2008.4992)
(64623, 4.292, 572.8, 2458.4575999999997)
(64704, 4.276, 607.2, 2596.3872)
(64786, 4.204, 536.4, 2255.0256)
(64867, 4.308, 478.0, 2059.2239999999997)
(64948, 4.224, 478.4, 2020.7616)
(65029, 4.32, 494.0, 2134.08)
(65111, 4.304, 473.6, 2038.3744000000002)
(65192, 4.26, 520.4, 2216.904)
(65273, 4.212, 593.2, 2498.5584)
(65355, 4.272, 500.4, 2137.7088)
(65436, 4.284, 472.4, 2023.7615999999998)
(65517, 4.24, 484.0, 2052.1600000000003)
(63, 4.288, 478.8, 2053.0944)
(144, 4.316, 472.8, 2040.6048)
(225, 4.3, 471.2, 2026.1599999999999)
(307, 4.212, 482.0, 2030.184)
(388, 4.296, 495.6, 2129.0976)
(469, 4.24, 504.0, 2136.96)
(551, 4.284, 484.8, 2076.8831999999998)
(632, 4.252, 472.0, 2006.944)
(713, 4.3, 485.6, 2088.08)
(794, 4.224, 475.6, 2008.9344)
(876, 4.32, 476.0, 2056.32)
(957, 4.276, 508.4, 2173.9184)
(1038, 4.248, 525.6, 2232.7488000000003)
(1120, 4.252, 501.2, 2131.1023999999998)
(1201, 4.284, 456.4, 1955.2175999999997)
(1282, 4.296, 451.2, 1938.3552)
(1364, 4.212, 462.0, 1945.944)
(1445, 4.296, 455.6, 1957.2576000000001)
(1526, 4.292, 465.2, 1996.6383999999998)
(1608, 4.328, 472.0, 2042.816)
(1689, 4.208, 464.4, 1954.1951999999999)
(1770, 4.312, 621.2, 2678.6144000000004)
(1852, 4.188, 576.0, 2412.288)
(1933, 4.252, 518.0, 2202.536)
(2014, 4.304, 478.8, 2060.7552)
(2095, 4.288, 479.6, 2056.5248)
(2177, 4.252, 458.4, 1949.1167999999998)
(2258, 4.296, 580.0, 2491.6800000000003)
(2339, 4.26, 614.4, 2617.3439999999996)
(2421, 4.204, 571.2, 2401.3248)
(2502, 4.332, 504.8, 2186.7936)
(2583, 4.252, 502.4, 2136.2048)
(2665, 4.292, 492.8, 2115.0976)
(2746, 4.228, 487.6, 2061.5728)
(2827, 4.272, 478.0, 2042.016)
(2909, 4.232, 516.8, 2187.0976)
(2990, 4.276, 462.4, 1977.2223999999999)
(3071, 4.252, 449.6, 1911.6992)
(3153, 4.296, 455.2, 1955.5392000000002)
(3234, 4.208, 482.0, 2028.256)
(3315, 4.3, 466.8, 2007.24)
(3396, 4.324, 461.2, 1994.2287999999999)
(3478, 4.244, 458.0, 1943.752)
(3559, 4.264, 468.8, 1998.9632000000001)
(3640, 4.3, 471.2, 2026.1599999999999)
(3722, 4.264, 492.0, 2097.888)
(3803, 4.228, 450.4, 1904.2912)
(3884, 4.3, 418.8, 1800.84)
(3966, 4.26, 412.4, 1756.8239999999998)
(4047, 4.324, 426.0, 1842.024)
(4128, 4.264, 432.8, 1845.4592000000002)
(4210, 4.3, 443.6, 1907.48)
(4291, 4.228, 436.8, 1846.7903999999999)
(4372, 4.296, 447.2, 1921.1712)
(4454, 4.276, 450.8, 1927.6208)
(4535, 4.24, 627.6, 2661.0240000000003)
(4616, 4.176, 610.8, 2550.7008)
(4697, 4.3, 554.4, 2383.9199999999996)
(4779, 4.296, 484.4, 2080.9824)
(4860, 4.18, 636.8, 2661.8239999999996)
(4941, 4.276, 639.6, 2734.9296)
(5023, 4.26, 644.8, 2746.8479999999995)
(5104, 4.224, 648.4, 2738.8416)
(5185, 4.212, 628.0, 2645.136)
(5267, 4.276, 583.6, 2495.4736)
(5348, 4.212, 541.2, 2279.5344)
(5429, 4.324, 456.8, 1975.2032)
(5511, 4.264, 456.4, 1946.0896)
(5592, 4.276, 452.4, 1934.4624)
(5673, 4.244, 428.4, 1818.1295999999998)
(5755, 4.276, 429.2, 1835.2592)
(5836, 4.308, 439.2, 1892.0736)
(5917, 4.236, 441.6, 1870.6176)
(5998, 4.284, 438.0, 1876.3919999999998)
(6080, 4.272, 513.6, 2194.0992)
(6161, 4.288, 538.8, 2310.3744)
(6242, 4.196, 484.8, 2034.2207999999998)
(6324, 4.328, 476.0, 2060.128)
(6405, 4.236, 492.8, 2087.5008)
(6486, 4.292, 482.8, 2072.1776)
(6568, 4.288, 473.2, 2029.0816)
(6649, 4.288, 481.2, 2063.3856)
(6730, 4.224, 487.6, 2059.6224)
(6812, 4.324, 495.6, 2142.9744)
(6893, 4.28, 533.6, 2283.8080000000004)
(6974, 4.244, 468.8, 1989.5872)
(7056, 4.228, 452.8, 1914.4384)
(7137, 4.296, 455.6, 1957.2576000000001)
(7218, 4.328, 457.2, 1978.7616)
(7299, 4.216, 466.0, 1964.6560000000002)
(7381, 4.28, 498.0, 2131.44)
(7462, 4.252, 544.0, 2313.0879999999997)
(7543, 4.292, 530.8, 2278.1935999999996)
(7625, 4.236, 457.6, 1938.3935999999999)
(7706, 4.308, 444.0, 1912.752)
(7787, 4.216, 467.2, 1969.7152)
(7869, 4.312, 464.8, 2004.2176000000002)
(7950, 4.3, 448.4, 1928.12)
(8031, 4.268, 485.2, 2070.8336)
(8113, 4.26, 458.8, 1954.488)
(8194, 4.276, 631.2, 2699.0112)
(8275, 4.232, 637.6, 2698.3232000000003)
(8357, 4.2, 564.4, 2370.48)
(8438, 4.288, 467.6, 2005.0688000000002)
(8519, 4.264, 483.6, 2062.0704)
(8600, 4.332, 461.6, 1999.6512)
(8682, 4.228, 514.8, 2176.5743999999995)
(8763, 4.304, 602.4, 2592.7296)
(8844, 4.212, 494.4, 2082.4127999999996)
(8926, 4.256, 502.8, 2139.9168)
(9007, 4.28, 495.2, 2119.456)
(9088, 4.288, 491.6, 2107.9808000000003)
(9170, 4.228, 481.2, 2034.5135999999998)
(9251, 4.32, 498.8, 2154.8160000000003)
(9332, 4.284, 484.8, 2076.8831999999998)
(9414, 4.224, 508.4, 2147.4816)
(9495, 4.332, 464.4, 2011.7807999999998)
(9576, 4.256, 475.2, 2022.4512)
(9658, 4.308, 474.8, 2045.4384)
(9739, 4.228, 485.2, 2051.4256)
(9820, 4.268, 476.4, 2033.2751999999998)
(9901, 4.244, 544.0, 2308.736)
(9983, 4.292, 719.6, 3088.5232)
(10064, 4.204, 686.4, 2885.6256)
(10145, 4.268, 729.6, 3113.9328)
(10227, 4.192, 623.6, 2614.1312000000003)
(10308, 4.272, 588.0, 2511.936)
(10389, 4.288, 504.4, 2162.8672)
(10471, 4.252, 495.6, 2107.2912)
(10552, 4.252, 482.4, 2051.1648)
(10633, 4.296, 414.8, 1781.9808)
(10715, 4.28, 396.4, 1696.592)
(10796, 4.22, 397.2, 1676.1839999999997)
(10877, 4.308, 394.0, 1697.3519999999999)
(10959, 4.272, 402.0, 1717.344)
(11040, 4.328, 407.6, 1764.0928000000001)
(11121, 4.252, 397.6, 1690.5952)
(11202, 4.3, 461.2, 1983.1599999999999)
(11284, 4.216, 478.0, 2015.248)
(11365, 4.268, 498.8, 2128.8784)
(11446, 4.272, 449.2, 1918.9824)
(11528, 4.256, 494.8, 2105.8688)
(11609, 4.236, 480.8, 2036.6688)
(11690, 4.312, 484.0, 2087.0080000000003)
(11772, 4.308, 472.4, 2035.0991999999999)
(11853, 4.216, 474.0, 1998.384)
(11934, 4.288, 487.6, 2090.8288000000002)
(12016, 4.288, 489.6, 2099.4048000000003)
(12097, 4.28, 478.8, 2049.264)
(12178, 4.232, 473.6, 2004.2752000000003)
(12260, 4.3, 479.2, 2060.56)
(12341, 4.24, 486.4, 2062.336)
(12422, 4.332, 484.0, 2096.688)
(12503, 4.264, 483.2, 2060.3648000000003)
(12585, 4.276, 502.8, 2149.9728)
(12666, 4.22, 527.6, 2226.4719999999998)
(12747, 4.264, 501.6, 2138.8224)
(12829, 4.308, 473.6, 2040.2688)
(12910, 4.244, 425.2, 1804.5487999999998)
(12991, 4.28, 445.2, 1905.4560000000001)
(13073, 4.308, 452.0, 1947.216)
(13154, 4.288, 451.2, 1934.7456)
(13235, 4.22, 452.4, 1909.1279999999997)
(13317, 4.336, 454.0, 1968.544)
(13398, 4.26, 553.6, 2358.336)
(13479, 4.276, 699.6, 2991.4896)
(13561, 4.22, 654.0, 2759.8799999999997)
(13642, 4.264, 572.8, 2442.4192)
(13723, 4.228, 476.4, 2014.2191999999998)
(13804, 4.284, 529.6, 2268.8064)
(13886, 4.26, 674.8, 2874.6479999999997)
(13967, 4.22, 658.0, 2776.7599999999998)
(14048, 4.196, 636.0, 2668.656)
(14130, 4.272, 647.6, 2766.5472000000004)
(14211, 4.288, 589.6, 2528.2048000000004)
(14292, 4.188, 573.2, 2400.5616)
(14374, 4.288, 520.0, 2229.76)
(14455, 4.296, 452.0, 1941.7920000000001)
(14536, 4.28, 424.4, 1816.432)
(14618, 4.256, 415.2, 1767.0912)
(14699, 4.296, 435.6, 1871.3376000000003)
(14780, 4.22, 418.0, 1763.9599999999998)
(14862, 4.328, 410.8, 1777.9424000000001)
(14943, 4.292, 412.0, 1768.3039999999999)
(15024, 4.268, 456.4, 1947.9152)
(15105, 4.22, 495.2, 2089.7439999999997)
(15187, 4.284, 500.8, 2145.4272)
(15268, 4.296, 496.0, 2130.8160000000003)
(15349, 4.228, 489.2, 2068.3376)
(15431, 4.26, 488.8, 2082.288)
(15512, 4.28, 496.0, 2122.88)
(15593, 4.308, 483.6, 2083.3488)
(15675, 4.2, 480.4, 2017.68)
(15756, 4.32, 520.4, 2248.128)
(15837, 4.228, 545.6, 2306.7968)
(15919, 4.264, 483.6, 2062.0704)
(16000, 4.276, 456.8, 1953.2767999999999)
(16081, 4.268, 444.8, 1898.4063999999998)
(16163, 4.236, 441.2, 1868.9232)
(16244, 4.328, 450.8, 1951.0624000000003)
(16325, 4.268, 447.6, 1910.3568)
(16406, 4.248, 492.8, 2093.4144)
(16488, 4.224, 545.2, 2302.9248000000002)
(16569, 4.26, 504.4, 2148.7439999999997)
(16650, 4.328, 446.0, 1930.2880000000002)
(16732, 4.228, 477.6, 2019.2928)
(16813, 4.28, 470.0, 2011.6000000000001)
(16894, 4.248, 480.8, 2042.4384000000002)
(16976, 4.272, 470.8, 2011.2576000000001)
(17057, 4.236, 465.2, 1970.5872)
(17138, 4.316, 482.0, 2080.312)
(17220, 4.2, 496.4, 2084.88)
(17301, 4.292, 559.6, 2401.8032)
(17382, 4.32, 484.4, 2092.608)
(17464, 4.26, 490.0, 2087.4)
(17545, 4.272, 472.0, 2016.384)
(17626, 4.288, 584.0, 2504.192)
(17707, 4.232, 720.8, 3050.4256)
(17789, 4.184, 701.6, 2935.4944)
(17870, 4.272, 692.4, 2957.9328)
(17951, 4.24, 636.8, 2700.032)
(18033, 4.304, 629.2, 2708.0768000000003)
(18114, 4.216, 541.6, 2283.3856)
(18195, 4.288, 498.8, 2138.8544)
(18277, 4.224, 476.4, 2012.3136)
(18358, 4.252, 410.8, 1746.7215999999999)
(18439, 4.3, 406.8, 1749.24)
(18521, 4.3, 415.2, 1785.36)
(18602, 4.248, 397.6, 1689.0048000000002)
(18683, 4.348, 401.6, 1746.1568)
(18765, 4.296, 413.2, 1775.1072000000001)
(18846, 4.244, 432.8, 1836.8032)
(18927, 4.328, 466.4, 2018.5792000000001)
(19008, 4.276, 500.4, 2139.7104)
(19090, 4.288, 471.2, 2020.5056)
(19171, 4.232, 481.2, 2036.4384)
(19252, 4.296, 494.4, 2123.9424)
(19334, 4.236, 508.4, 2153.5824)
(19415, 4.3, 498.8, 2144.84)
(19496, 4.232, 484.4, 2049.9808)
(19578, 4.292, 562.4, 2413.8208)
(19659, 4.212, 496.4, 2090.8367999999996)
(19740, 4.28, 445.6, 1907.1680000000001)
(19822, 4.312, 426.4, 1838.6368)
(19903, 4.26, 424.4, 1807.9439999999997)
(19984, 4.292, 422.0, 1811.224)
(20066, 4.336, 426.0, 1847.1360000000002)
(20147, 4.308, 421.6, 1816.2528)
(20228, 4.192, 485.6, 2035.6352000000002)
(20309, 4.328, 510.4, 2209.0112)
(20391, 4.26, 461.2, 1964.7119999999998)
(20472, 4.328, 459.6, 1989.1488000000002)
(20553, 4.248, 468.4, 1989.7632)
(20635, 4.264, 472.8, 2016.0192000000002)
(20716, 4.212, 481.6, 2028.4992)
(20797, 4.284, 468.0, 2004.9119999999998)
(20879, 4.28, 462.4, 1979.0720000000001)
(20960, 4.276, 494.4, 2114.0544)
(21041, 4.188, 574.8, 2407.2623999999996)
(21123, 4.28, 510.0, 2182.8)
(21204, 4.328, 502.0, 2172.656)
(21285, 4.212, 484.8, 2041.9776)
(21367, 4.296, 467.6, 2008.8096000000003)
(21448, 4.28, 522.8, 2237.584)
(21529, 4.268, 547.6, 2337.1568)
(21610, 4.208, 572.0, 2406.976)
(21692, 4.3, 452.8, 1947.04)
(21773, 4.232, 476.4, 2016.1248)
(21854, 4.324, 472.8, 2044.3872)
(21936, 4.264, 463.6, 1976.7904000000003)
(22017, 4.276, 470.8, 2013.1408)
(22098, 4.232, 466.4, 1973.8048)
(22180, 4.288, 482.0, 2066.8160000000003)
(22261, 4.276, 473.2, 2023.4032)
(22342, 4.216, 633.6, 2671.2576000000004)
(22424, 4.276, 514.0, 2197.864)
(22505, 4.304, 483.2, 2079.6928000000003)
(22586, 4.324, 491.2, 2123.9487999999997)
(22668, 4.2, 473.6, 1989.1200000000001)
(22749, 4.308, 530.4, 2284.9631999999997)
(22830, 4.24, 577.6, 2449.0240000000003)
(22911, 4.252, 556.4, 2365.8127999999997)
(22993, 4.268, 458.0, 1954.744)
(23074, 4.292, 460.8, 1977.7536)
(23155, 4.24, 484.8, 2055.552)
(23237, 4.32, 476.4, 2058.0480000000002)
(23318, 4.276, 469.2, 2006.2992)
(23399, 4.256, 469.6, 1998.6176000000003)
(23481, 4.244, 466.4, 1979.4015999999997)
(23562, 4.28, 538.0, 2302.6400000000003)
(23643, 4.28, 566.4, 2424.192)
(23725, 4.2, 522.4, 2194.08)
(23806, 4.252, 482.8, 2052.8656)
(23887, 4.268, 475.6, 2029.8608)
(23969, 4.276, 487.2, 2083.2672)
(24050, 4.22, 532.0, 2245.04)
(24131, 4.304, 586.4, 2523.8656)
(24212, 4.208, 481.2, 2024.8896)
(24294, 4.308, 473.6, 2040.2688)
(24375, 4.308, 477.2, 2055.7776)
(24456, 4.248, 488.4, 2074.7232)
(24538, 4.264, 469.2, 2000.6688000000001)
(24619, 4.304, 476.0, 2048.704)
(24700, 4.248, 486.8, 2067.9264000000003)
(24782, 4.216, 465.2, 1961.2832)
(24863, 4.28, 516.4, 2210.192)
(24944, 4.272, 491.6, 2100.1152)
(25026, 4.308, 475.6, 2048.8848)
(25107, 4.228, 473.2, 2000.6896)
(25188, 4.28, 486.4, 2081.792)
(25270, 4.24, 528.8, 2242.112)
(25351, 4.252, 553.2, 2352.2064)
(25432, 4.232, 571.2, 2417.3184)
(25513, 4.272, 548.0, 2341.056)
(25595, 4.208, 463.6, 1950.8288000000002)
(25676, 4.328, 485.6, 2101.6768)
(25757, 4.28, 470.0, 2011.6000000000001)
(25839, 4.248, 469.6, 1994.8608000000002)
(25920, 4.256, 464.8, 1978.1888000000001)
(26001, 4.26, 470.0, 2002.1999999999998)
(26083, 4.292, 480.4, 2061.8768)
(26164, 4.22, 587.2, 2477.984)
(26245, 4.272, 498.0, 2127.456)
(26327, 4.252, 478.0, 2032.456)
(26408, 4.32, 475.6, 2054.592)
(26489, 4.208, 476.0, 2003.008)
(26571, 4.304, 482.4, 2076.2496)
(26652, 4.212, 592.8, 2496.8735999999994)
(26733, 4.236, 591.2, 2504.3232000000003)
(26814, 4.288, 468.8, 2010.2144)
(26896, 4.256, 478.4, 2036.0704)
(26977, 4.252, 478.8, 2035.8576)
(27058, 4.308, 490.4, 2112.6432)
(27140, 4.288, 467.6, 2005.0688000000002)
(27221, 4.208, 482.4, 2029.9392)
(27302, 4.32, 469.6, 2028.6720000000003)
(27384, 4.24, 554.4, 2350.656)
(27465, 4.284, 513.2, 2198.5488)
(27546, 4.256, 479.6, 2041.1776000000002)
(27628, 4.288, 475.2, 2037.6576)
(27709, 4.22, 489.2, 2064.424)
(27790, 4.296, 492.8, 2117.0688)
(27872, 4.252, 512.4, 2178.7248)
(27953, 4.276, 518.4, 2216.6784)
(28034, 4.164, 495.2, 2062.0128)
(28115, 4.284, 449.2, 1924.3727999999999)
(28197, 4.316, 438.0, 1890.408)
(28278, 4.232, 472.4, 1999.1968)
(28359, 4.296, 456.0, 1958.976)
(28441, 4.288, 456.4, 1957.0432)
(28522, 4.256, 472.0, 2008.832)
(28603, 4.232, 465.2, 1968.7264)
(28685, 4.328, 590.4, 2555.2512)
(28766, 4.22, 592.8, 2501.6159999999995)
(28847, 4.288, 544.0, 2332.672)
(28929, 4.288, 462.4, 1982.7712)
(29010, 4.3, 461.2, 1983.1599999999999)
(29091, 4.236, 452.4, 1916.3663999999999)
(29173, 4.296, 522.8, 2245.9488)
(29254, 4.236, 576.0, 2439.9359999999997)
(29335, 4.22, 599.6, 2530.312)
(29416, 4.248, 483.2, 2052.6336)
(29498, 4.324, 509.6, 2203.5104)
(29579, 4.328, 496.4, 2148.4192000000003)
(29660, 4.196, 506.0, 2123.176)
(29742, 4.3, 495.6, 2131.08)
(29823, 4.26, 473.2, 2015.8319999999999)
(29904, 4.272, 504.4, 2154.7968)
(29986, 4.264, 456.4, 1946.0896)
(30067, 4.308, 450.0, 1938.6)
(30148, 4.208, 462.0, 1944.096)
(30230, 4.332, 461.2, 1997.9183999999998)
(30311, 4.296, 449.2, 1929.7632)
(30392, 4.268, 461.6, 1970.1088)
(30474, 4.26, 644.8, 2746.8479999999995)
(30555, 4.24, 680.0, 2883.2000000000003)
(30636, 4.24, 671.6, 2847.5840000000003)
(30717, 4.18, 644.0, 2691.9199999999996)
(30799, 4.256, 551.2, 2345.9072)
(30880, 4.272, 500.8, 2139.4176)
(30961, 4.308, 475.6, 2048.8848)
(31043, 4.204, 464.8, 1954.0192)
(31124, 4.328, 456.4, 1975.2992)
(31205, 4.24, 406.4, 1723.136)
(31287, 4.304, 392.8, 1690.6112)
(31368, 4.324, 392.4, 1696.7376)
(31449, 4.288, 406.4, 1742.6432)
(31531, 4.248, 392.8, 1668.6144000000002)
(31612, 4.296, 392.4, 1685.7504)
(31693, 4.28, 416.0, 1780.48)
(31775, 4.248, 453.2, 1925.1936)
(31856, 4.328, 497.2, 2151.8816)
(31937, 4.296, 481.2, 2067.2352)
(32018, 4.324, 502.0, 2170.648)
(32100, 4.224, 502.8, 2123.8272)
(32181, 4.272, 489.6, 2091.5712000000003)
(32262, 4.232, 498.8, 2110.9216)
(32344, 4.26, 481.2, 2049.912)
(32425, 4.24, 500.8, 2123.3920000000003)
(32506, 4.304, 455.6, 1960.9024000000002)
(32588, 4.216, 440.8, 1858.4128)
(32669, 4.304, 479.2, 2062.4768)
(32750, 4.316, 452.0, 1950.8319999999999)
(32832, 4.256, 442.0, 1881.152)
(32913, 4.264, 443.6, 1891.5104000000001)
(32994, 4.3, 444.4, 1910.9199999999998)
(33076, 4.252, 470.8, 2001.8416)
(33157, 4.216, 463.6, 1954.5376)
(33238, 4.288, 454.4, 1948.4672)
(33319, 4.276, 450.4, 1925.9103999999998)
(33401, 4.328, 450.4, 1949.3312)
(33482, 4.232, 417.6, 1767.2832)
(33563, 4.304, 429.6, 1848.9984000000002)
(33645, 4.224, 438.0, 1850.112)
(33726, 4.26, 434.4, 1850.5439999999999)
(33807, 4.308, 435.2, 1874.8416)
(33889, 4.268, 454.4, 1939.3791999999999)
(33970, 4.188, 630.4, 2640.1151999999997)
(34051, 4.292, 643.2, 2760.6144)
(34133, 4.3, 574.8, 2471.64)
(34214, 4.212, 551.6, 2323.3392)
(34295, 4.3, 465.2, 2000.36)
(34377, 4.268, 617.6, 2635.9168)
(34458, 4.248, 653.2, 2774.7936000000004)
(34539, 4.204, 582.8, 2450.0912)
(34620, 4.284, 600.0, 2570.4)
(34702, 4.216, 579.6, 2443.5936)
(34783, 4.308, 568.4, 2448.6672)
(34864, 4.228, 539.6, 2281.4288)
(34946, 4.272, 529.6, 2262.4512000000004)
(35027, 4.22, 419.2, 1769.024)
(35108, 4.288, 419.6, 1799.2448000000002)
(35190, 4.32, 421.6, 1821.3120000000001)
(35271, 4.248, 418.4, 1777.3632)
(35352, 4.296, 412.4, 1771.6704)
(35434, 4.332, 444.4, 1925.1408)
(35515, 4.296, 437.2, 1878.2112)
(35596, 4.212, 429.6, 1809.4752)
(35678, 4.348, 512.8, 2229.6544)
(35759, 4.244, 511.6, 2171.2304)
(35840, 4.3, 520.4, 2237.72)
(35921, 4.252, 518.8, 2205.9375999999997)
(36003, 4.26, 524.0, 2232.24)
(36084, 4.224, 511.6, 2160.9984000000004)
(36165, 4.268, 520.0, 2219.3599999999997)
(36247, 4.272, 495.2, 2115.4944)
(36328, 4.244, 531.6, 2256.1104)
(36409, 4.208, 428.8, 1804.3904000000002)
(36491, 4.32, 434.0, 1874.88)
(36572, 4.34, 424.8, 1843.632)
(36653, 4.22, 425.2, 1794.3439999999998)
(36735, 4.308, 418.0, 1800.744)
(36816, 4.276, 425.2, 1818.1552)
(36897, 4.276, 434.0, 1855.7839999999999)
(36979, 4.244, 465.6, 1976.0064)
(37060, 4.292, 502.8, 2158.0176)
(37141, 4.22, 469.2, 1980.024)
(37222, 4.3, 435.2, 1871.36)
(37304, 4.284, 450.0, 1927.8)
(37385, 4.264, 470.4, 2005.7856)
(37466, 4.24, 458.0, 1941.92)
(37548, 4.292, 461.6, 1981.1872)
(37629, 4.292, 451.2, 1936.5503999999999)
(37710, 4.228, 475.2, 2009.1455999999998)
(37792, 4.268, 634.4, 2707.6191999999996)
(37873, 4.256, 571.2, 2431.0272000000004)
(37954, 4.304, 514.0, 2212.2560000000003)
(38036, 4.204, 458.8, 1928.7952)
(38117, 4.304, 481.2, 2071.0848)
(38198, 4.236, 546.0, 2312.8559999999998)
(38280, 4.256, 600.4, 2555.3024)
(38361, 4.252, 607.6, 2583.5152)
(38442, 4.276, 510.0, 2180.7599999999998)
(38523, 4.228, 502.0, 2122.4559999999997)
(38605, 4.328, 502.0, 2172.656)
(38686, 4.264, 509.2, 2171.2288)
(38767, 4.244, 494.8, 2099.9312)
(38849, 4.252, 488.8, 2078.3776)
(38930, 4.264, 526.0, 2242.864)
(39011, 4.308, 427.2, 1840.3775999999998)
(39093, 4.224, 470.0, 1985.2800000000002)
(39174, 4.276, 487.2, 2083.2672)
(39255, 4.252, 475.6, 2022.2512)
(39337, 4.292, 478.0, 2051.576)
(39418, 4.224, 475.6, 2008.9344)
(39499, 4.316, 543.2, 2344.4512)
(39581, 4.2, 522.0, 2192.4)
(39662, 4.292, 551.6, 2367.4672)
(39743, 4.296, 484.4, 2080.9824)
(39824, 4.276, 426.8, 1824.9968)
(39906, 4.264, 426.4, 1818.1696)
(39987, 4.288, 455.6, 1953.6128)
(40068, 4.272, 446.8, 1908.7296000000001)
(40150, 4.216, 439.6, 1853.3536000000001)
(40231, 4.324, 427.6, 1848.9424000000001)
(40312, 4.276, 443.6, 1896.8336)
(40394, 4.312, 726.8, 3133.9616)
(40475, 4.184, 821.2, 3435.9008000000003)
(40556, 4.2, 677.2, 2844.2400000000002)
(40638, 4.204, 601.6, 2529.1264)
(40719, 4.268, 541.2, 2309.8416)
(40800, 4.232, 786.0, 3326.3520000000003)
(40882, 4.228, 852.0, 3602.256)
(40963, 4.16, 756.8, 3148.288)
(41044, 4.272, 766.8, 3275.7696)
(41125, 4.288, 630.0, 2701.44)
(41207, 4.208, 600.4, 2526.4832)
(41288, 4.276, 536.4, 2293.6463999999996)
(41369, 4.284, 511.6, 2191.6944)
(41451, 4.28, 439.6, 1881.4880000000003)
(41532, 4.24, 426.0, 1806.24)
(41613, 4.312, 432.8, 1866.2336000000003)
(41695, 4.244, 451.6, 1916.5904)
(41776, 4.312, 448.4, 1933.5008)
(41857, 4.252, 430.0, 1828.36)
(41939, 4.324, 408.8, 1767.6512)
(42020, 4.212, 415.6, 1750.5072)
(42101, 4.276, 510.0, 2180.7599999999998)
(42183, 4.284, 522.8, 2239.6751999999997)
(42264, 4.24, 493.6, 2092.864)
(42345, 4.252, 517.2, 2199.1344)
(42426, 4.312, 530.0, 2285.36)
(42508, 4.28, 504.4, 2158.832)
(42589, 4.192, 520.0, 2179.84)
(42670, 4.284, 494.8, 2119.7232)
(42752, 4.268, 422.8, 1804.5104)
(42833, 4.316, 404.8, 1747.1168)
(42914, 4.284, 402.8, 1725.5952)
(42996, 4.28, 403.2, 1725.6960000000001)
(43077, 4.22, 413.6, 1745.392)
(43158, 4.308, 425.6, 1833.4848)
(43240, 4.256, 422.0, 1796.0320000000002)
(43321, 4.284, 415.6, 1780.4304)
(43402, 4.212, 483.2, 2035.2383999999997)
(43484, 4.268, 493.6, 2106.6848)
(43565, 4.304, 453.2, 1950.5728000000001)
(43646, 4.216, 481.2, 2028.7392)
(43727, 4.288, 479.2, 2054.8096)
(43809, 4.288, 501.6, 2150.8608000000004)
(43890, 4.28, 471.6, 2018.4480000000003)
(43971, 4.244, 472.0, 2003.168)
(44053, 4.32, 578.4, 2498.688)
(44134, 4.22, 556.8, 2349.6959999999995)
(44215, 4.296, 476.0, 2044.8960000000002)
(44297, 4.28, 430.4, 1842.112)
(44378, 4.272, 430.4, 1838.6688)
(44459, 4.24, 430.4, 1824.896)
(44541, 4.284, 432.0, 1850.6879999999999)
(44622, 4.284, 430.8, 1845.5472)
(44703, 4.232, 508.8, 2153.2416000000003)
(44785, 4.288, 527.2, 2260.6336)
(44866, 4.32, 462.8, 1999.2960000000003)
(44947, 4.328, 498.8, 2158.8064000000004)
(45028, 4.216, 482.8, 2035.4848000000002)
(45110, 4.292, 484.4, 2079.0447999999997)
(45191, 4.252, 468.8, 1993.3375999999998)
(45272, 4.26, 486.4, 2072.064)
(45354, 4.26, 456.0, 1942.56)
(45435, 4.284, 509.2, 2181.4128)
(45516, 4.212, 484.4, 2040.2927999999997)
(45598, 4.308, 477.6, 2057.5008)
(45679, 4.28, 500.8, 2143.424)
(45760, 4.26, 479.6, 2043.096)
(45842, 4.26, 472.4, 2012.4239999999998)
(45923, 4.272, 522.8, 2233.4016)
(46004, 4.264, 542.0, 2311.088)
(46086, 4.192, 574.8, 2409.5616)
(46167, 4.256, 446.0, 1898.1760000000002)
(46248, 4.292, 468.0, 2008.656)
(46329, 4.328, 496.4, 2148.4192000000003)
(46411, 4.216, 469.2, 1978.1472)
(46492, 4.312, 464.8, 2004.2176000000002)
(46573, 4.216, 468.0, 1973.0880000000002)
(46655, 4.284, 483.2, 2070.0288)
(46736, 4.292, 456.4, 1958.8687999999997)
(46817, 4.296, 542.0, 2328.4320000000002)
(46899, 4.22, 506.8, 2138.696)
(46980, 4.308, 481.6, 2074.7328)
(47061, 4.276, 471.2, 2014.8511999999998)
(47143, 4.224, 477.2, 2015.6928)
(47224, 4.324, 536.8, 2321.1231999999995)
(47305, 4.244, 592.8, 2515.8432)
(47387, 4.284, 599.6, 2568.6864)
(47468, 4.224, 476.4, 2012.3136)
(47549, 4.28, 489.2, 2093.7760000000003)
(47630, 4.224, 508.0, 2145.792)
(47712, 4.296, 476.0, 2044.8960000000002)
(47793, 4.24, 466.4, 1977.536)
(47874, 4.284, 479.2, 2052.8928)
(47956, 4.204, 455.2, 1913.6607999999999)
(48037, 4.288, 533.2, 2286.3616)
(48118, 4.328, 527.6, 2283.4528)
(48200, 4.236, 495.2, 2097.6672)
(48281, 4.272, 472.4, 2018.0928000000001)
(48362, 4.292, 479.2, 2056.7264)
(48444, 4.256, 496.0, 2110.976)
(48525, 4.224, 496.0, 2095.1040000000003)
(48606, 4.308, 573.2, 2469.3456)
(48688, 4.24, 532.4, 2257.376)
(48769, 4.324, 458.0, 1980.3919999999998)
(48850, 4.26, 454.4, 1935.744)
(48931, 4.272, 494.8, 2113.7856)
(49013, 4.228, 478.8, 2024.3663999999999)
(49094, 4.268, 478.4, 2041.8111999999999)
(49175, 4.276, 458.0, 1958.408)
(49257, 4.256, 466.4, 1984.9984)
(49338, 4.24, 592.0, 2510.08)
(49419, 4.3, 584.4, 2512.9199999999996)
(49501, 4.304, 522.8, 2250.1312)
(49582, 4.208, 481.6, 2026.5728000000001)
(49663, 4.296, 472.4, 2029.4304)
(49745, 4.304, 494.0, 2126.176)
(49826, 4.276, 506.0, 2163.656)
(49907, 4.224, 557.2, 2353.6128000000003)
(49989, 4.288, 521.2, 2234.9056000000005)
(50070, 4.22, 460.8, 1944.576)
(50151, 4.316, 508.8, 2195.9808)
(50232, 4.272, 477.2, 2038.5984)
(50314, 4.272, 494.0, 2110.368)
(50395, 4.232, 468.0, 1980.576)
(50476, 4.264, 486.8, 2075.7152)
(50558, 4.308, 456.8, 1967.8944)
(50639, 4.232, 505.6, 2139.6992)
(50720, 4.248, 477.6, 2028.8448000000003)
(50802, 4.284, 477.2, 2044.3247999999999)
(50883, 4.308, 484.4, 2086.7952)
(50964, 4.2, 473.2, 1987.44)
(51046, 4.304, 480.8, 2069.3632000000002)
(51127, 4.24, 520.4, 2206.496)
(51208, 4.276, 526.8, 2252.5968)
(51290, 4.268, 553.6, 2362.7648)
(51371, 4.268, 502.4, 2144.2432)
(51452, 4.24, 432.0, 1831.68)
(51533, 4.332, 477.2, 2067.2304)
(51615, 4.26, 458.8, 1954.488)
(51696, 4.244, 464.8, 1972.6112)
(51777, 4.232, 470.8, 1992.4256000000003)
(51859, 4.296, 460.8, 1979.5968000000003)
(51940, 4.336, 484.8, 2102.0928000000004)
(52021, 4.22, 536.4, 2263.6079999999997)
(52103, 4.26, 568.4, 2421.3839999999996)
(52184, 4.248, 473.6, 2011.8528000000001)
(52265, 4.284, 461.2, 1975.7807999999998)
(52347, 4.248, 451.2, 1916.6976)
(52428, 4.336, 478.0, 2072.608)
(52509, 4.168, 683.2, 2847.5776)
(52591, 4.268, 672.4, 2869.8032)
(52672, 4.26, 642.0, 2734.92)
(52753, 4.24, 620.0, 2628.8)
(52834, 4.248, 537.2, 2282.0256000000004)
(52916, 4.292, 534.0, 2291.928)
(52997, 4.256, 516.0, 2196.096)
(53078, 4.204, 503.2, 2115.4528)
(53160, 4.284, 417.6, 1788.9984)
(53241, 4.28, 410.4, 1756.512)
(53322, 4.34, 401.6, 1742.944)
(53404, 4.228, 406.8, 1719.9504)
(53485, 4.292, 401.2, 1721.9504)
(53566, 4.236, 407.6, 1726.5936)
(53648, 4.288, 430.4, 1845.5552)
(53729, 4.304, 483.2, 2079.6928000000003)
(53810, 4.28, 520.4, 2227.312)
(53892, 4.232, 465.2, 1968.7264)
(53973, 4.312, 502.0, 2164.6240000000003)
(54054, 4.276, 487.2, 2083.2672)
(54135, 4.232, 496.4, 2100.7648)
(54217, 4.32, 478.8, 2068.416)
(54298, 4.272, 495.2, 2115.4944)
(54379, 4.288, 502.0, 2152.576)
(54461, 4.228, 526.4, 2225.6191999999996)
(54542, 4.284, 456.0, 1953.504)
(54623, 4.24, 496.4, 2104.736)
(54705, 4.32, 452.4, 1954.368)
(54786, 4.232, 452.0, 1912.864)
(54867, 4.3, 456.0, 1960.8)
(54949, 4.212, 461.6, 1944.2592)
(55030, 4.28, 500.4, 2141.712)
(55111, 4.296, 526.4, 2261.4144)
(55193, 4.244, 539.2, 2288.3648000000003)
(55274, 4.292, 433.6, 1861.0112)
(55355, 4.328, 453.6, 1963.1808000000003)
(55436, 4.292, 478.8, 2055.0096)
(55518, 4.2, 469.6, 1972.3200000000002)
(55599, 4.332, 454.0, 1966.7279999999998)
(55680, 4.272, 454.8, 1942.9056)
(55762, 4.328, 472.4, 2044.5472)
(55843, 4.268, 554.0, 2364.4719999999998)
(55924, 4.24, 576.4, 2443.936)
(56006, 4.204, 512.0, 2152.448)
(56087, 4.284, 462.4, 1980.9216)
(56168, 4.28, 458.8, 1963.6640000000002)
(56250, 4.288, 467.6, 2005.0688000000002)
(56331, 4.188, 618.8, 2591.5343999999996)
(56412, 4.276, 586.0, 2505.736)
(56494, 4.32, 520.8, 2249.8559999999998)
(56575, 4.208, 530.4, 2231.9232)
(56656, 4.288, 516.0, 2212.608)
(56737, 4.284, 495.2, 2121.4368)
(56819, 4.264, 534.4, 2278.6816)
(56900, 4.228, 501.2, 2119.0735999999997)
(56981, 4.276, 438.0, 1872.888)
(57063, 4.236, 476.4, 2018.0303999999999)
(57144, 4.312, 489.2, 2109.4304)
(57225, 4.272, 472.8, 2019.8016000000002)
(57307, 4.276, 477.6, 2042.2176)
(57388, 4.232, 476.0, 2014.432)
(57469, 4.292, 485.2, 2082.4784)
(57551, 4.288, 487.2, 2089.1136)
(57632, 4.228, 494.0, 2088.632)
(57713, 4.268, 468.0, 1997.424)
(57795, 4.324, 452.4, 1956.1775999999998)
(57876, 4.292, 444.8, 1909.0816)
(57957, 4.208, 430.8, 1812.8064000000002)
(58038, 4.324, 406.8, 1759.0031999999999)
(58120, 4.264, 438.0, 1867.632)
(58201, 4.296, 438.8, 1885.0848)
(58282, 4.288, 436.8, 1872.9984000000002)
(58364, 4.296, 439.2, 1886.8032)
(58445, 4.228, 430.8, 1821.4224)
(58526, 4.34, 440.4, 1911.3359999999998)
(58608, 4.272, 584.0, 2494.848)
(58689, 4.228, 663.2, 2804.0096)
(58770, 4.244, 568.8, 2413.9871999999996)
(58852, 4.232, 687.2, 2908.2304000000004)
(58933, 4.256, 692.4, 2946.8544)
(59014, 4.176, 666.4, 2782.8864)
(59096, 4.228, 700.4, 2961.2911999999997)
(59177, 4.244, 684.4, 2904.5935999999997)
(59258, 4.272, 668.8, 2857.1136)
(59339, 4.184, 601.2, 2515.4208000000003)
(59421, 4.316, 475.6, 2052.6896)
(59502, 4.22, 457.6, 1931.072)
(59583, 4.304, 456.0, 1962.624)
(59665, 4.3, 452.0, 1943.6)
(59746, 4.296, 482.4, 2072.3904)
(59827, 4.248, 463.6, 1969.3728)
(59909, 4.32, 463.6, 2002.7520000000002)
(59990, 4.268, 448.8, 1915.4784)
(60071, 4.22, 429.2, 1811.224)
(60153, 4.312, 452.4, 1950.7488)
(60234, 4.272, 472.4, 2018.0928000000001)
(60315, 4.324, 474.8, 2053.0352)
(60397, 4.24, 447.6, 1897.8240000000003)
(60478, 4.284, 469.6, 2011.7664)
(60559, 4.24, 497.6, 2109.824)
(60640, 4.268, 473.2, 2019.6175999999998)
(60722, 4.276, 458.0, 1958.408)
(60803, 4.28, 472.0, 2020.16)
(60884, 4.18, 562.8, 2352.5039999999995)
(60966, 4.3, 529.6, 2277.28)
(61047, 4.328, 469.2, 2030.6976000000002)
(61128, 4.256, 437.6, 1862.4256000000003)
(61210, 4.296, 419.2, 1800.8832)
(61291, 4.292, 420.8, 1806.0736)
(61372, 4.276, 462.4, 1977.2223999999999)
(61454, 4.212, 539.6, 2272.7952)
(61535, 4.272, 498.8, 2130.8736000000004)
(61616, 4.256, 497.2, 2116.0832)
(61698, 4.308, 511.6, 2203.9728)
(61779, 4.24, 502.8, 2131.8720000000003)
(61860, 4.304, 508.0, 2186.4320000000002)
(61941, 4.22, 497.6, 2099.872)
(62023, 4.276, 488.0, 2086.688)
(62104, 4.288, 497.2, 2131.9936000000002)
(62185, 4.256, 438.8, 1867.5328000000002)
(62267, 4.248, 470.0, 1996.5600000000002)
(62348, 4.336, 495.6, 2148.9216)
(62429, 4.284, 478.0, 2047.752)
(62511, 4.208, 476.0, 2003.008)
(62592, 4.304, 476.8, 2052.1472000000003)
(62673, 4.296, 514.8, 2211.5807999999997)
(62755, 4.284, 484.0, 2073.456)
(62836, 4.24, 477.6, 2025.0240000000001)
(62917, 4.272, 448.8, 1917.2736000000002)
(62999, 4.216, 451.2, 1902.2592)
(63080, 4.32, 436.8, 1886.976)
(63161, 4.24, 409.2, 1735.008)
(63242, 4.288, 430.0, 1843.8400000000001)
(63324, 4.212, 437.2, 1841.4863999999998)
(63405, 4.284, 436.8, 1871.2512)
(63486, 4.328, 443.6, 1919.9008000000001)
(63568, 4.232, 457.6, 1936.5632000000003)
(63649, 4.272, 637.2, 2722.1184000000003)
(63730, 4.264, 661.2, 2819.3568000000005)
(63812, 4.276, 605.2, 2587.8352)
(63893, 4.18, 556.8, 2327.4239999999995)
(63974, 4.316, 599.2, 2586.1472)
(64056, 4.216, 658.8, 2777.5008)
(64137, 4.268, 636.0, 2714.448)
(64218, 4.248, 609.6, 2589.5808)
(64300, 4.256, 605.2, 2575.7312)
(64381, 4.212, 583.6, 2458.1232)
(64462, 4.26, 598.4, 2549.1839999999997)
(64543, 4.244, 536.4, 2276.4815999999996)
(64625, 4.236, 521.2, 2207.8032000000003)
(64706, 4.268, 423.6, 1807.9248)
(64787, 4.312, 426.4, 1838.6368)
(64869, 4.336, 477.2, 2069.1392)
(64950, 4.216, 459.6, 1937.6736)
(65031, 4.292, 429.2, 1842.1263999999999)
(65113, 4.272, 417.2, 1782.2784000000001)
(65194, 4.272, 410.0, 1751.5200000000002)
(65275, 4.268, 482.4, 2058.8831999999998)
(65357, 4.304, 558.4, 2403.3536)
(65438, 4.196, 549.6, 2306.1216)
(65519, 4.3, 561.6, 2414.88)
(65, 4.292, 540.8, 2321.1135999999997)
(146, 4.252, 553.2, 2352.2064)
(227, 4.248, 503.2, 2137.5936)
(308, 4.288, 510.8, 2190.3104000000003)
(390, 4.256, 498.0, 2119.4880000000003)
(471, 4.224, 416.8, 1760.5632)
(552, 4.304, 410.4, 1766.3616)
(634, 4.28, 405.2, 1734.256)
(715, 4.316, 401.2, 1731.5792)
(796, 4.204, 395.6, 1663.1024)
(878, 4.32, 431.6, 1864.5120000000002)
(959, 4.24, 416.4, 1765.536)
(1040, 4.292, 465.6, 1998.3552)
(1122, 4.296, 494.8, 2125.6608)
(1203, 4.296, 488.4, 2098.1664)
(1284, 4.232, 492.4, 2083.8368)
(1366, 4.336, 507.2, 2199.2192)
(1447, 4.268, 489.2, 2087.9056)
(1528, 4.232, 497.2, 2104.1504)
(1609, 4.316, 487.2, 2102.7552)
(1691, 4.28, 540.4, 2312.9120000000003)
(1772, 4.288, 530.0, 2272.6400000000003)
(1853, 4.216, 481.2, 2028.7392)
(1935, 4.28, 425.6, 1821.5680000000002)
(2016, 4.24, 436.0, 1848.64)
(2097, 4.296, 444.0, 1907.4240000000002)
(2179, 4.24, 431.6, 1829.9840000000002)
(2260, 4.332, 432.8, 1874.8896)
(2341, 4.2, 492.4, 2068.08)
(2423, 4.292, 501.6, 2152.8672)
(2504, 4.304, 515.6, 2219.1424)
(2585, 4.252, 488.0, 2074.976)
(2667, 4.28, 447.2, 1914.016)
(2748, 4.292, 480.8, 2063.5936)
(2829, 4.268, 475.2, 2028.1535999999999)
(2910, 4.2, 484.0, 2032.8000000000002)
(2992, 4.316, 458.0, 1976.7279999999998)
(3073, 4.264, 470.0, 2004.0800000000002)
(3154, 4.316, 596.4, 2574.0624)
(3236, 4.216, 639.6, 2696.5536)
(3317, 4.256, 523.6, 2228.4416)
(3398, 4.216, 464.0, 1956.2240000000002)
(3480, 4.28, 456.8, 1955.1040000000003)
(3561, 4.296, 457.2, 1964.1312)
(3642, 4.268, 494.8, 2111.8064)
(3724, 4.196, 604.4, 2536.0624)
(3805, 4.288, 544.8, 2336.1023999999998)
(3886, 4.324, 502.0, 2170.648)
(3968, 4.216, 504.0, 2124.864)
(4049, 4.288, 498.8, 2138.8544)
(4130, 4.284, 508.8, 2179.6992)
(4211, 4.272, 491.2, 2098.4064)
(4293, 4.232, 491.2, 2078.7584)
(4374, 4.3, 506.0, 2175.7999999999997)
(4455, 4.216, 534.0, 2251.344)
(4537, 4.32, 488.0, 2108.1600000000003)
(4618, 4.248, 471.6, 2003.3568000000002)
(4699, 4.28, 476.0, 2037.2800000000002)
(4781, 4.232, 490.8, 2077.0656000000004)
(4862, 4.264, 490.0, 2089.36)
(4943, 4.284, 523.2, 2241.3888)
(5025, 4.24, 538.4, 2282.816)
(5106, 4.276, 482.8, 2064.4528)
(5187, 4.32, 449.6, 1942.2720000000002)
(5269, 4.3, 442.4, 1902.32)
(5350, 4.2, 455.2, 1911.8400000000001)
(5431, 4.3, 457.2, 1965.9599999999998)
(5512, 4.26, 462.4, 1969.8239999999998)
(5594, 4.304, 451.6, 1943.6864000000003)
(5675, 4.276, 453.2, 1937.8831999999998)
(5756, 4.276, 530.0, 2266.2799999999997)
(5838, 4.192, 680.8, 2853.9136)
(5919, 4.3, 593.2, 2550.76)
(6000, 4.28, 554.8, 2374.544)
(6082, 4.256, 479.6, 2041.1776000000002)
(6163, 4.224, 524.8, 2216.7552)
(6244, 4.252, 624.0, 2653.248)
(6326, 4.272, 656.0, 2802.4320000000002)
(6407, 4.188, 543.2, 2274.9216)
(6488, 4.26, 535.2, 2279.952)
(6570, 4.268, 554.4, 2366.1791999999996)
(6651, 4.272, 560.0, 2392.32)
(6732, 4.204, 520.0, 2186.08)
(6813, 4.308, 534.4, 2302.1951999999997)
(6895, 4.208, 532.0, 2238.656)
(6976, 4.3, 518.0, 2227.4)
(7057, 4.304, 475.2, 2045.2608)
(7139, 4.26, 456.0, 1942.56)
(7220, 4.268, 450.8, 1924.0144)
(7301, 4.3, 487.6, 2096.68)
(7383, 4.26, 455.2, 1939.1519999999998)
(7464, 4.22, 465.2, 1963.1439999999998)
(7545, 4.292, 484.4, 2079.0447999999997)
(7627, 4.272, 517.6, 2211.1872000000003)
(7708, 4.308, 472.4, 2035.0991999999999)
(7789, 4.228, 460.0, 1944.8799999999999)
(7871, 4.296, 428.8, 1842.1248)
(7952, 4.244, 466.0, 1977.704)
(8033, 4.26, 463.6, 1974.936)
(8114, 4.288, 448.4, 1922.7392)
(8196, 4.272, 455.2, 1944.6144000000002)
(8277, 4.224, 442.0, 1867.008)
(8358, 4.336, 442.0, 1916.5120000000002)
(8440, 4.288, 510.0, 2186.88)
(8521, 4.224, 642.8, 2715.1872)
(8602, 4.26, 561.6, 2392.416)
(8684, 4.24, 616.8, 2615.232)
(8765, 4.284, 508.4, 2177.9856)
(8846, 4.184, 676.4, 2830.0576)
(8928, 4.264, 675.2, 2879.0528000000004)
(9009, 4.22, 699.6, 2952.312)
(9090, 4.284, 683.2, 2926.8288000000002)
(9172, 4.208, 660.4, 2778.9632)
(9253, 4.272, 646.4, 2761.4208)
(9334, 4.2, 602.4, 2530.08)
(9415, 4.248, 549.2, 2333.0016000000005)
(9497, 4.288, 466.0, 1998.208)
(9578, 4.26, 446.8, 1903.368)
(9659, 4.256, 428.0, 1821.5680000000002)
(9741, 4.332, 443.2, 1919.9424)
(9822, 4.292, 451.6, 1938.2672)
(9903, 4.208, 453.2, 1907.0656000000001)
(9985, 4.328, 411.6, 1781.4048000000003)
(10066, 4.26, 448.8, 1911.888)
(10147, 4.3, 504.0, 2167.2)
(10229, 4.256, 504.8, 2148.4288)
(10310, 4.288, 496.4, 2128.5632)
(10391, 4.228, 507.2, 2144.4415999999997)
(10473, 4.272, 508.0, 2170.176)
(10554, 4.252, 493.2, 2097.0863999999997)
(10635, 4.268, 507.2, 2164.7295999999997)
(10716, 4.172, 539.2, 2249.5424)
(10798, 4.276, 539.6, 2307.3296)
(10879, 4.308, 506.8, 2183.2943999999998)
(10960, 4.236, 444.8, 1884.1728)
(11042, 4.308, 409.6, 1764.5568)
(11123, 4.28, 418.8, 1792.4640000000002)
(11204, 4.264, 422.8, 1802.8192000000001)
(11286, 4.244, 410.8, 1743.4352)
(11367, 4.328, 485.2, 2099.9456)
(11448, 4.24, 525.2, 2226.8480000000004)
(11530, 4.312, 502.0, 2164.6240000000003)
(11611, 4.284, 458.4, 1963.7855999999997)
(11692, 4.3, 494.4, 2125.9199999999996)
(11774, 4.232, 501.2, 2121.0784)
(11855, 4.284, 496.4, 2126.5775999999996)
(11936, 4.268, 516.0, 2202.288)
(12017, 4.24, 498.0, 2111.52)
(12099, 4.24, 551.2, 2337.088)
(12180, 4.304, 535.6, 2305.2224)
(12261, 4.312, 478.0, 2061.136)
(12343, 4.196, 461.6, 1936.8736)
(12424, 4.304, 434.8, 1871.3792)
(12505, 4.268, 448.8, 1915.4784)
(12587, 4.28, 444.4, 1902.032)
(12668, 4.26, 440.8, 1877.808)
(12749, 4.296, 479.6, 2060.3616)
(12831, 4.2, 509.6, 2140.32)
(12912, 4.328, 469.2, 2030.6976000000002)
(12993, 4.268, 454.0, 1937.6719999999998)
(13075, 4.268, 435.2, 1857.4335999999998)
(13156, 4.22, 443.6, 1871.992)
(13237, 4.256, 457.2, 1945.8432)
(13318, 4.312, 452.8, 1952.4736000000003)
(13400, 4.216, 454.4, 1915.7504)
(13481, 4.284, 446.8, 1914.0912)
(13562, 4.272, 450.8, 1925.8176)
(13644, 4.284, 624.8, 2676.6431999999995)
(13725, 4.172, 660.4, 2755.1888)
(13806, 4.296, 558.4, 2398.8864)
(13888, 4.22, 483.2, 2039.1039999999998)
(13969, 4.292, 602.4, 2585.5008)
(14050, 4.256, 674.0, 2868.5440000000003)
(14132, 4.256, 666.4, 2836.1984)
(14213, 4.184, 686.4, 2871.8976000000002)
(14294, 4.276, 666.4, 2849.5263999999997)
(14376, 4.268, 664.4, 2835.6591999999996)
(14457, 4.204, 635.2, 2670.3808)
(14538, 4.288, 541.6, 2322.3808000000004)
(14619, 4.28, 472.4, 2021.872)
(14701, 4.32, 437.6, 1890.4320000000002)
(14782, 4.236, 434.4, 1840.1183999999998)
(14863, 4.284, 427.6, 1831.8384)
(14945, 4.256, 430.4, 1831.7824)
(15026, 4.268, 452.8, 1932.5503999999999)
(15107, 4.248, 437.6, 1858.9248000000002)
(15189, 4.34, 436.8, 1895.712)
(15270, 4.22, 461.6, 1947.952)
(15351, 4.3, 488.0, 2098.4)
(15433, 4.316, 483.6, 2087.2176)
(15514, 4.252, 452.8, 1925.3056)
(15595, 4.284, 479.2, 2052.8928)
(15677, 4.296, 500.0, 2148.0)
(15758, 4.244, 480.4, 2038.8175999999999)
(15839, 4.216, 478.0, 2015.248)
(15920, 4.288, 582.8, 2499.0464)
(16002, 4.248, 582.4, 2474.0352000000003)
(16083, 4.292, 532.0, 2283.344)
(16164, 4.212, 456.0, 1920.6719999999998)
(16246, 4.304, 445.2, 1916.1408000000001)
(16327, 4.22, 424.8, 1792.656)
(16408, 4.284, 424.4, 1818.1295999999998)
(16490, 4.296, 422.0, 1812.912)
(16571, 4.276, 516.0, 2206.4159999999997)
(16652, 4.212, 537.2, 2262.6864)
(16734, 4.312, 472.0, 2035.2640000000001)
(16815, 4.296, 510.8, 2194.3968)
(16896, 4.216, 495.2, 2087.7632)
(16978, 4.304, 480.4, 2067.6416)
(17059, 4.3, 497.6, 2139.68)
(17140, 4.284, 498.4, 2135.1456)
(17221, 4.236, 481.2, 2038.3631999999998)
(17303, 4.304, 545.6, 2348.2624)
(17384, 4.22, 520.8, 2197.776)
(17465, 4.32, 485.6, 2097.7920000000004)
(17547, 4.268, 478.8, 2043.5184)
(17628, 4.284, 477.6, 2046.0384)
(17709, 4.208, 471.6, 1984.4928000000002)
(17791, 4.268, 528.0, 2253.504)
(17872, 4.288, 544.8, 2336.1023999999998)
(17953, 4.224, 560.8, 2368.8192)
(18035, 4.28, 443.6, 1898.6080000000002)
(18116, 4.34, 433.2, 1880.088)
(18197, 4.308, 459.6, 1979.9568)
(18279, 4.184, 460.0, 1924.64)
(18360, 4.312, 449.6, 1938.6752000000001)
(18441, 4.256, 452.8, 1927.1168000000002)
(18522, 4.32, 453.2, 1957.824)
(18604, 4.288, 464.8, 1993.0624000000003)
(18685, 4.252, 482.8, 2052.8656)
(18766, 4.184, 678.4, 2838.4256)
(18848, 4.264, 585.6, 2496.9984000000004)
(18929, 4.256, 494.8, 2105.8688)
(19010, 4.256, 482.0, 2051.3920000000003)
(19092, 4.228, 643.2, 2719.4496)
(19173, 4.264, 627.2, 2674.3808000000004)
(19254, 4.3, 583.6, 2509.48)
(19336, 4.188, 509.6, 2134.2048)
(19417, 4.288, 488.0, 2092.5440000000003)
(19498, 4.272, 517.6, 2211.1872000000003)
(19580, 4.256, 481.2, 2047.9872)
(19661, 4.244, 487.2, 2067.6767999999997)
(19742, 4.312, 473.2, 2040.4384)
